********************* Iteration   1 ********************
it l1-MinV AddCons LP-TIME ST infCurV NewCons QP-TIME ST
 1 5.0e-15 1.8e+04 1.4e-01  1 6.4e-15 0.0e+00 7.5e-01  1
Optimality norm: 2.825843e-16 
********************* Iteration   2 ********************
it l1-MinV AddCons LP-TIME ST infCurV NewCons QP-TIME ST
 1 0.0e+00 9.0e+00 2.8e-03  1 2.2e+01 1.8e+01 3.5e-03  1
 2 3.9e-15 2.7e+01 3.3e-03  1 1.3e+00 9.0e+00 3.6e-03  1
 3 1.4e-14 3.6e+01 5.2e-03  1 4.6e-01 9.0e+00 4.2e-03  1
 4 5.1e-15 4.5e+01 3.0e-03  1 2.4e-02 2.0e+00 4.0e-03  1
 5 4.2e-14 4.7e+01 3.4e-03  1 3.6e-15 1.0e+00 4.8e-03  1
 6 3.2e-14 4.8e+01 3.6e-03  1 3.6e-15 0.0e+00 5.0e-03  1
Optimality norm: 1.207587e-15 
********************* Iteration   3 ********************
it l1-MinV AddCons LP-TIME ST infCurV NewCons QP-TIME ST
 1 0.0e+00 9.0e+00 2.5e-03  1 2.6e+01 1.8e+01 3.5e-03  1
 2 3.2e-14 2.7e+01 3.2e-03  1 1.3e+01 1.0e+01 3.9e-03  1
 3 3.3e-14 3.7e+01 3.4e-03  1 8.0e+00 9.0e+00 6.2e-03  1
 4 3.7e-14 4.6e+01 5.6e-03  1 1.4e+00 9.0e+00 4.1e-03  1
 5 3.4e-14 5.5e+01 3.1e-03  1 3.6e-15 0.0e+00 5.4e-03  1
Optimality norm: 6.409511e-14 
********************* Iteration   4 ********************
it l1-MinV AddCons LP-TIME ST infCurV NewCons QP-TIME ST
 1 0.0e+00 9.0e+00 3.0e-03  1 2.3e+01 1.8e+01 3.7e-03  1
 2 3.2e-14 2.7e+01 2.9e-03  1 1.3e+01 9.0e+00 4.2e-03  1
 3 3.2e-14 3.6e+01 3.0e-03  1 4.8e+00 9.0e+00 3.6e-03  1
 4 3.3e-14 4.5e+01 2.9e-03  1 1.2e+00 9.0e+00 3.7e-03  1
 5 3.4e-14 5.4e+01 3.8e-03  1 1.3e+00 8.0e+00 4.6e-03  1
 6 4.1e-15 6.2e+01 3.5e-03  1 3.5e-07 0.0e+00 5.4e-03  1
Optimality norm: 9.786136e-15 
********************* Iteration   5 ********************
it l1-MinV AddCons LP-TIME ST infCurV NewCons QP-TIME ST
 1 0.0e+00 9.0e+00 2.8e-03  1 1.9e+01 9.0e+00 5.7e-03  1
 2 3.2e-14 1.8e+01 4.3e-03  1 1.3e+01 9.0e+00 5.6e-03  1
 3 3.2e-14 2.7e+01 2.7e-03  1 5.0e+00 9.0e+00 3.2e-03  1
 4 3.8e-14 3.6e+01 3.2e-03  1 1.8e-04 9.0e+00 4.2e-03  1
 5 3.1e-14 4.5e+01 2.8e-03  1 1.3e-06 2.0e+00 5.2e-03  1
 6 2.9e-14 4.7e+01 4.3e-03  1 2.3e-02 1.0e+00 6.8e-03  1
 7 2.8e-15 4.8e+01 4.9e-03  1 1.1e-08 0.0e+00 7.5e-03  1
Optimality norm: 1.465829e-14 
********************* Iteration   6 ********************
it l1-MinV AddCons LP-TIME ST infCurV NewCons QP-TIME ST
 1 0.0e+00 9.0e+00 2.8e-03  1 2.1e+01 1.8e+01 4.0e-03  1
 2 3.2e-14 2.7e+01 2.8e-03  1 1.2e+01 9.0e+00 3.4e-03  1
 3 2.8e-14 3.6e+01 4.9e-03  1 7.1e+00 9.0e+00 6.9e-03  1
 4 2.8e-14 4.5e+01 4.8e-03  1 2.0e+00 9.0e+00 6.2e-03  1
 5 3.0e-14 5.4e+01 2.9e-03  1 5.4e-01 2.0e+00 3.9e-03  1
 6 3.0e-14 5.6e+01 4.7e-03  1 1.5e-07 0.0e+00 4.8e-03  1
Optimality norm: 9.700512e-15 
********************* Iteration   7 ********************
it l1-MinV AddCons LP-TIME ST infCurV NewCons QP-TIME ST
 1 0.0e+00 9.0e+00 3.3e-03  1 2.1e+01 1.8e+01 4.0e-03  1
 2 2.9e-14 2.7e+01 3.5e-03  1 1.3e+01 9.0e+00 5.1e-03  1
 3 2.8e-14 3.6e+01 4.3e-03  1 6.2e+00 9.0e+00 4.1e-03  1
 4 3.5e-14 4.5e+01 3.7e-03  1 1.6e+00 9.0e+00 6.8e-03  1
 5 3.1e-14 5.4e+01 3.0e-03  1 1.1e-05 1.0e+00 4.0e-03  1
 6 3.2e-14 5.5e+01 3.4e-03  1 3.6e-15 1.0e+00 6.0e-03  1
 7 3.7e-14 5.6e+01 3.4e-03  1 3.6e-15 0.0e+00 4.0e-03  1
Optimality norm: 1.271284e-14 
********************* Iteration   8 ********************
it l1-MinV AddCons LP-TIME ST infCurV NewCons QP-TIME ST
 1 0.0e+00 9.0e+00 2.9e-03  1 2.2e+01 1.8e+01 4.4e-03  1
 2 3.2e-14 2.7e+01 2.7e-03  1 1.3e+01 9.0e+00 3.1e-03  1
 3 3.5e-14 3.6e+01 2.9e-03  1 7.6e+00 9.0e+00 3.4e-03  1
 4 3.3e-14 4.5e+01 3.3e-03  1 2.2e+00 9.0e+00 4.2e-03  1
 5 3.3e-14 5.4e+01 2.7e-03  1 7.3e-05 4.0e+00 3.7e-03  1
 6 3.8e-14 5.8e+01 2.9e-03  1 3.6e-15 0.0e+00 4.0e-03  1
Optimality norm: 1.152095e-14 
********************* Iteration   9 ********************
it l1-MinV AddCons LP-TIME ST infCurV NewCons QP-TIME ST
 1 0.0e+00 9.0e+00 2.8e-03  1 2.2e+01 1.8e+01 3.6e-03  1
 2 3.5e-14 2.7e+01 2.9e-03  1 1.3e+01 9.0e+00 3.4e-03  1
 3 3.2e-14 3.6e+01 3.3e-03  1 8.0e+00 9.0e+00 3.8e-03  1
 4 3.5e-14 4.5e+01 3.0e-03  1 2.9e+00 9.0e+00 4.0e-03  1
 5 3.9e-15 5.4e+01 4.5e-03  1 5.5e-05 9.0e+00 9.5e-03  1
 6 3.2e-14 6.3e+01 3.2e-03  1 3.6e-15 0.0e+00 4.8e-03  1
Optimality norm: 1.024045e-14 
********************* Iteration  10 ********************
it l1-MinV AddCons LP-TIME ST infCurV NewCons QP-TIME ST
 1 0.0e+00 9.0e+00 2.4e-03  1 2.2e+01 1.8e+01 3.3e-03  1
 2 3.2e-14 2.7e+01 2.6e-03  1 1.3e+01 9.0e+00 3.5e-03  1
 3 3.2e-14 3.6e+01 4.9e-03  1 7.4e+00 9.0e+00 4.4e-03  1
 4 3.2e-14 4.5e+01 2.9e-03  1 1.6e+00 9.0e+00 3.7e-03  1
 5 3.2e-14 5.4e+01 3.2e-03  1 5.6e-02 9.0e+00 3.9e-03  1
 6 3.4e-14 6.3e+01 2.9e-03  1 4.8e-05 5.0e+00 3.9e-03  1
 7 2.0e-15 6.8e+01 4.9e-03  1 3.6e-15 0.0e+00 7.4e-03  1
Optimality norm: 1.551853e-14 
********************* Iteration  11 ********************
it l1-MinV AddCons LP-TIME ST infCurV NewCons QP-TIME ST
 1 0.0e+00 9.0e+00 4.2e-03  1 2.1e+01 1.8e+01 5.1e-03  1
 2 3.2e-14 2.7e+01 3.2e-03  1 1.3e+01 1.0e+01 3.7e-03  1
 3 3.6e-14 3.7e+01 3.9e-03  1 6.7e+00 9.0e+00 3.8e-03  1
 4 3.2e-14 4.6e+01 4.4e-03  1 1.7e+00 9.0e+00 4.2e-03  1
 5 3.3e-14 5.5e+01 3.8e-03  1 7.8e-02 9.0e+00 5.6e-03  1
 6 3.4e-14 6.4e+01 4.9e-03  1 4.3e-05 4.0e+00 6.2e-03  1
 7 9.7e-07 6.8e+01 3.1e-03  1 1.0e-06 0.0e+00 4.3e-03  1
Optimality norm: 2.286273e-14 
********************* Iteration  12 ********************
it l1-MinV AddCons LP-TIME ST infCurV NewCons QP-TIME ST
 1 0.0e+00 9.0e+00 2.7e-03  1 2.1e+01 1.8e+01 5.2e-03  1
 2 2.7e-14 2.7e+01 2.8e-03  1 1.3e+01 1.1e+01 3.6e-03  1
 3 2.7e-14 3.8e+01 3.4e-03  1 7.3e+00 9.0e+00 5.6e-03  1
 4 2.5e-14 4.7e+01 3.5e-03  1 2.1e+00 9.0e+00 5.1e-03  1
 5 2.7e-14 5.6e+01 3.6e-03  1 1.9e-01 9.0e+00 4.4e-03  1
 6 2.7e-14 6.5e+01 5.5e-03  1 6.5e-06 2.0e+00 8.3e-03  1
 7 2.6e-15 6.7e+01 1.2e-02  1 2.8e-07 1.0e+00 3.0e-02  1
 8 1.4e-15 6.8e+01 3.2e-03  1 2.8e-07 0.0e+00 6.0e-03  1
Optimality norm: 4.218602e-14 
********************* Iteration  13 ********************
it l1-MinV AddCons LP-TIME ST infCurV NewCons QP-TIME ST
 1 0.0e+00 9.0e+00 3.0e-03  1 2.2e+01 1.8e+01 1.8e-02  1
 2 0.0e+00 2.7e+01 2.9e-03  1 1.4e+01 9.0e+00 3.8e-03  1
 3 0.0e+00 3.6e+01 4.6e-03  1 6.3e+00 9.0e+00 5.2e-03  1
 4 0.0e+00 4.5e+01 3.6e-03  1 1.9e+00 9.0e+00 4.4e-03  1
 5 2.8e-14 5.4e+01 3.4e-03  1 4.5e-05 5.0e+00 4.0e-03  1
 6 2.9e-14 5.9e+01 4.0e-03  1 4.2e-06 1.0e+00 7.5e-03  1
 7 2.9e-14 6.0e+01 3.8e-03  1 3.6e-15 1.0e+00 5.6e-03  1
 8 3.7e-14 6.1e+01 3.5e-03  1 3.6e-15 0.0e+00 5.4e-03  1
Optimality norm: 4.845118e-15 
********************* Iteration  14 ********************
it l1-MinV AddCons LP-TIME ST infCurV NewCons QP-TIME ST
 1 0.0e+00 9.0e+00 2.6e-03  1 2.3e+01 1.8e+01 3.3e-03  1
 2 3.4e-14 2.7e+01 4.6e-03  1 1.4e+01 9.0e+00 4.2e-03  1
 3 3.4e-14 3.6e+01 3.3e-03  1 6.4e+00 9.0e+00 4.9e-03  1
 4 3.4e-14 4.5e+01 3.3e-03  1 1.7e+00 9.0e+00 5.8e-03  1
 5 3.2e-14 5.4e+01 5.1e-03  1 4.6e-01 9.0e+00 4.5e-03  1
 6 3.4e-14 6.3e+01 3.3e-03  1 4.2e-05 7.0e+00 4.8e-03  1
 7 8.2e-16 7.0e+01 3.5e-03  1 3.6e-15 0.0e+00 6.5e-03  1
Optimality norm: 8.970337e-15 
********************* Iteration  15 ********************
it l1-MinV AddCons LP-TIME ST infCurV NewCons QP-TIME ST
 1 0.0e+00 9.0e+00 2.4e-03  1 2.2e+01 1.8e+01 3.0e-03  1
 2 3.5e-14 2.7e+01 3.3e-03  1 1.4e+01 9.0e+00 4.0e-03  1
 3 3.2e-14 3.6e+01 3.0e-03  1 6.8e+00 9.0e+00 3.4e-03  1
 4 3.2e-14 4.5e+01 3.1e-03  1 1.8e+00 9.0e+00 3.5e-03  1
 5 2.8e-15 5.4e+01 3.0e-03  1 7.7e-01 9.0e+00 3.8e-03  1
 6 2.4e-15 6.3e+01 3.1e-03  1 1.1e-05 4.0e+00 5.0e-03  1
 7 3.3e-14 6.7e+01 3.3e-03  1 9.8e-07 1.0e+00 5.5e-03  1
 8 3.3e-14 6.8e+01 4.9e-03  1 8.9e-07 0.0e+00 4.9e-03  1
Optimality norm: 3.987741e-14 
********************* Iteration  16 ********************
it l1-MinV AddCons LP-TIME ST infCurV NewCons QP-TIME ST
 1 0.0e+00 9.0e+00 2.7e-03  1 2.4e+01 1.8e+01 3.4e-03  1
 2 2.2e-14 2.7e+01 2.8e-03  1 1.4e+01 9.0e+00 4.9e-03  1
 3 2.2e-14 3.6e+01 3.3e-03  1 7.2e+00 9.0e+00 3.9e-03  1
 4 2.6e-14 4.5e+01 3.3e-03  1 1.9e+00 9.0e+00 6.4e-03  1
 5 2.8e-14 5.4e+01 3.5e-03  1 3.7e-01 9.0e+00 4.4e-03  1
 6 5.2e-15 6.3e+01 3.7e-03  1 3.6e-15 3.0e+00 7.7e-03  1
 7 2.3e-15 6.6e+01 4.5e-03  1 3.6e-15 0.0e+00 5.1e-03  1
Optimality norm: 1.575006e-14 
********************* Iteration  17 ********************
it l1-MinV AddCons LP-TIME ST infCurV NewCons QP-TIME ST
 1 0.0e+00 9.0e+00 4.0e-03  1 2.3e+01 1.8e+01 4.2e-03  1
 2 3.2e-14 2.7e+01 2.7e-03  1 1.4e+01 9.0e+00 3.2e-03  1
 3 3.4e-14 3.6e+01 5.6e-03  1 6.5e+00 9.0e+00 5.7e-03  1
 4 0.0e+00 4.5e+01 3.0e-03  1 1.3e+00 9.0e+00 3.9e-03  1
 5 4.2e-14 5.4e+01 3.2e-03  1 3.4e-01 7.0e+00 6.3e-03  1
 6 3.3e-14 6.1e+01 2.8e-03  1 1.1e-07 1.0e+00 3.6e-03  1
 7 3.4e-14 6.2e+01 6.1e-03  1 6.8e-07 0.0e+00 4.7e-03  1
Optimality norm: 6.865912e-16 
********************* Iteration  18 ********************
it l1-MinV AddCons LP-TIME ST infCurV NewCons QP-TIME ST
 1 0.0e+00 9.0e+00 2.5e-03  1 2.2e+01 1.8e+01 3.0e-03  1
 2 2.5e-14 2.7e+01 2.8e-03  1 1.4e+01 9.0e+00 4.4e-03  1
 3 2.7e-14 3.6e+01 2.8e-03  1 6.6e+00 9.0e+00 3.8e-03  1
 4 2.5e-14 4.5e+01 2.9e-03  1 1.8e+00 9.0e+00 3.4e-03  1
 5 2.7e-15 5.4e+01 5.5e-03  1 2.1e-01 2.0e+00 3.7e-03  1
 6 3.8e-14 5.6e+01 3.1e-03  1 1.9e-06 3.0e+00 4.2e-03  1
 7 2.6e-14 5.9e+01 2.8e-03  1 3.6e-15 2.0e+00 6.3e-03  1
 8 3.2e-14 6.1e+01 3.1e-03  1 3.6e-15 0.0e+00 4.5e-03  1
Optimality norm: 1.372805e-15 
********************* Iteration  19 ********************
it l1-MinV AddCons LP-TIME ST infCurV NewCons QP-TIME ST
 1 0.0e+00 9.0e+00 3.0e-03  1 2.2e+01 1.8e+01 4.2e-03  1
 2 4.1e-14 2.7e+01 3.0e-03  1 1.4e+01 9.0e+00 5.1e-03  1
 3 3.4e-14 3.6e+01 3.3e-03  1 6.3e+00 9.0e+00 4.3e-03  1
 4 6.9e-16 4.5e+01 3.7e-03  1 1.6e+00 9.0e+00 4.5e-03  1
 5 3.5e-14 5.4e+01 3.1e-03  1 1.5e-01 2.0e+00 3.8e-03  1
 6 3.3e-14 5.6e+01 3.9e-03  1 3.6e-15 0.0e+00 5.0e-03  1
Optimality norm: 3.752532e-15 
********************* Iteration  20 ********************
it l1-MinV AddCons LP-TIME ST infCurV NewCons QP-TIME ST
 1 0.0e+00 9.0e+00 2.6e-03  1 2.2e+01 1.8e+01 5.4e-03  1
 2 3.6e-14 2.7e+01 2.7e-03  1 1.4e+01 9.0e+00 3.2e-03  1
 3 3.2e-14 3.6e+01 3.8e-03  1 6.4e+00 9.0e+00 8.9e-03  1
 4 3.2e-14 4.5e+01 4.6e-03  1 1.6e+00 9.0e+00 6.9e-03  1
 5 4.3e-14 5.4e+01 3.1e-03  1 6.2e-02 5.0e+00 5.9e-03  1
 6 3.2e-14 5.9e+01 2.7e-03  1 3.6e-15 0.0e+00 5.0e-03  1
Optimality norm: 2.029526e-15 
********************* Iteration  21 ********************
it l1-MinV AddCons LP-TIME ST infCurV NewCons QP-TIME ST
 1 0.0e+00 9.0e+00 2.4e-03  1 2.2e+01 1.8e+01 3.1e-03  1
 2 3.5e-14 2.7e+01 4.1e-03  1 1.4e+01 9.0e+00 8.5e-03  1
 3 4.0e-14 3.6e+01 2.8e-03  1 6.3e+00 9.0e+00 4.0e-03  1
 4 3.3e-14 4.5e+01 3.2e-03  1 1.6e+00 9.0e+00 6.9e-03  1
 5 3.5e-14 5.4e+01 3.6e-03  1 7.1e-02 2.0e+00 6.2e-03  1
 6 3.7e-14 5.6e+01 3.0e-03  1 3.6e-15 0.0e+00 3.8e-03  1
Optimality norm: 2.873588e-15 
********************* Iteration  22 ********************
it l1-MinV AddCons LP-TIME ST infCurV NewCons QP-TIME ST
 1 0.0e+00 9.0e+00 2.3e-03  1 2.2e+01 1.8e+01 3.3e-03  1
 2 3.3e-14 2.7e+01 2.8e-03  1 1.4e+01 9.0e+00 3.2e-03  1
 3 3.8e-14 3.6e+01 2.7e-03  1 6.2e+00 9.0e+00 3.5e-03  1
 4 3.5e-14 4.5e+01 3.0e-03  1 1.6e+00 9.0e+00 5.5e-03  1
 5 3.2e-14 5.4e+01 2.9e-03  1 1.1e-01 8.0e+00 3.8e-03  1
 6 3.2e-14 6.2e+01 2.8e-03  1 3.6e-15 0.0e+00 5.1e-03  1
Optimality norm: 2.249470e-15 
********************* Iteration  23 ********************
it l1-MinV AddCons LP-TIME ST infCurV NewCons QP-TIME ST
 1 0.0e+00 9.0e+00 2.5e-03  1 2.2e+01 1.8e+01 3.0e-03  1
 2 3.8e-14 2.7e+01 5.9e-03  1 1.4e+01 9.0e+00 6.0e-03  1
 3 3.3e-14 3.6e+01 5.5e-03  1 6.4e+00 9.0e+00 5.7e-03  1
 4 3.3e-14 4.5e+01 5.6e-03  1 1.6e+00 9.0e+00 6.0e-03  1
 5 3.2e-14 5.4e+01 4.9e-03  1 1.3e-01 6.0e+00 8.0e-03  1
 6 3.2e-14 6.0e+01 2.8e-03  1 7.4e-06 1.0e+00 4.3e-03  1
 7 6.1e-15 6.1e+01 3.3e-03  1 3.6e-15 0.0e+00 1.2e-02  1
Optimality norm: 2.566478e-15 
********************* Iteration  24 ********************
it l1-MinV AddCons LP-TIME ST infCurV NewCons QP-TIME ST
 1 0.0e+00 9.0e+00 2.3e-03  1 2.2e+01 1.8e+01 3.0e-03  1
 2 3.6e-14 2.7e+01 2.7e-03  1 1.4e+01 9.0e+00 3.4e-03  1
 3 3.3e-14 3.6e+01 2.7e-03  1 6.4e+00 9.0e+00 3.5e-03  1
 4 3.8e-15 4.5e+01 3.5e-03  1 1.3e+00 9.0e+00 3.9e-03  1
 5 3.7e-14 5.4e+01 3.3e-03  1 1.3e-01 6.0e+00 3.8e-03  1
 6 3.4e-14 6.0e+01 2.9e-03  1 3.5e-06 1.0e+00 4.3e-03  1
 7 3.7e-14 6.1e+01 4.2e-03  1 3.6e-15 0.0e+00 4.0e-03  1
Optimality norm: 2.554350e-15 
********************* Iteration  25 ********************
it l1-MinV AddCons LP-TIME ST infCurV NewCons QP-TIME ST
 1 0.0e+00 9.0e+00 4.0e-03  1 2.2e+01 1.8e+01 5.9e-03  1
 2 3.3e-14 2.7e+01 4.7e-03  1 1.4e+01 9.0e+00 6.6e-03  1
 3 3.5e-14 3.6e+01 3.8e-03  1 6.4e+00 9.0e+00 3.7e-03  1
 4 3.7e-14 4.5e+01 6.0e-03  1 1.6e+00 9.0e+00 4.5e-03  1
 5 8.5e-16 5.4e+01 3.1e-03  1 1.3e-01 6.0e+00 4.0e-03  1
 6 3.3e-14 6.0e+01 2.9e-03  1 3.6e-15 0.0e+00 4.4e-03  1
Optimality norm: 1.361267e-13 
********************* Iteration  26 ********************
it l1-MinV AddCons LP-TIME ST infCurV NewCons QP-TIME ST
 1 0.0e+00 9.0e+00 2.5e-03  1 2.2e+01 1.8e+01 3.0e-03  1
 2 6.1e-14 2.7e+01 4.7e-03  1 1.4e+01 9.0e+00 3.7e-03  1
 3 3.4e-14 3.6e+01 3.2e-03  1 6.4e+00 9.0e+00 3.3e-03  1
 4 2.2e-15 4.5e+01 2.9e-03  1 1.6e+00 9.0e+00 3.7e-03  1
 5 3.5e-14 5.4e+01 3.0e-03  1 1.8e-01 3.0e+00 4.1e-03  1
 6 3.7e-14 5.7e+01 5.1e-03  1 2.0e-08 1.0e+00 5.7e-03  1
 7 3.3e-14 5.8e+01 6.2e-03  1 2.0e-08 0.0e+00 7.0e-03  1
Optimality norm: 6.068843e-14 
********************* Iteration  27 ********************
it l1-MinV AddCons LP-TIME ST infCurV NewCons QP-TIME ST
 1 0.0e+00 9.0e+00 3.1e-03  1 2.2e+01 1.8e+01 3.2e-03  1
 2 3.0e-14 2.7e+01 2.7e-03  1 1.4e+01 9.0e+00 3.2e-03  1
 3 3.2e-14 3.6e+01 3.7e-03  1 7.6e+00 9.0e+00 3.4e-03  1
 4 1.2e-15 4.5e+01 2.9e-03  1 1.6e+00 9.0e+00 4.2e-03  1
 5 2.9e-14 5.4e+01 3.0e-03  1 5.1e-01 4.0e+00 4.2e-03  1
 6 3.7e-14 5.8e+01 3.2e-03  1 6.8e-02 2.0e+00 7.3e-03  1
 7 8.0e-16 6.0e+01 3.1e-03  1 3.6e-15 1.0e+00 4.2e-03  1
 8 3.4e-14 6.1e+01 3.1e-03  1 3.6e-15 0.0e+00 4.2e-03  1
Optimality norm: 3.080987e-15 
********************* Iteration  28 ********************
it l1-MinV AddCons LP-TIME ST infCurV NewCons QP-TIME ST
 1 0.0e+00 9.0e+00 2.6e-03  1 2.2e+01 1.8e+01 3.2e-03  1
 2 4.8e-14 2.7e+01 2.7e-03  1 1.4e+01 9.0e+00 3.5e-03  1
 3 3.4e-14 3.6e+01 2.9e-03  1 8.0e+00 9.0e+00 4.8e-03  1
 4 3.6e-14 4.5e+01 4.8e-03  1 1.7e+00 9.0e+00 3.4e-03  1
 5 1.6e-15 5.4e+01 3.1e-03  1 4.6e-01 3.0e+00 4.2e-03  1
 6 3.7e-14 5.7e+01 3.1e-03  1 6.2e-02 1.0e+00 3.9e-03  1
 7 3.9e-14 5.8e+01 3.2e-03  1 3.6e-15 0.0e+00 4.7e-03  1
Optimality norm: 4.479930e-15 
********************* Iteration  29 ********************
it l1-MinV AddCons LP-TIME ST infCurV NewCons QP-TIME ST
 1 0.0e+00 9.0e+00 2.4e-03  1 2.2e+01 1.8e+01 3.2e-03  1
 2 3.2e-14 2.7e+01 2.7e-03  1 1.4e+01 9.0e+00 3.3e-03  1
 3 1.8e-15 3.6e+01 3.0e-03  1 7.5e+00 9.0e+00 3.9e-03  1
 4 3.2e-14 4.5e+01 2.9e-03  1 1.6e+00 9.0e+00 3.6e-03  1
 5 1.5e-15 5.4e+01 3.4e-03  1 4.5e-01 3.0e+00 4.3e-03  1
 6 3.5e-14 5.7e+01 3.0e-03  1 5.5e-02 1.0e+00 4.2e-03  1
 7 3.6e-14 5.8e+01 3.1e-03  1 3.6e-15 0.0e+00 7.5e-03  1
Optimality norm: 1.730215e-15 
********************* Iteration  30 ********************
it l1-MinV AddCons LP-TIME ST infCurV NewCons QP-TIME ST
 1 0.0e+00 9.0e+00 4.7e-03  1 2.2e+01 1.8e+01 3.3e-03  1
 2 3.2e-14 2.7e+01 2.9e-03  1 1.4e+01 9.0e+00 3.6e-03  1
 3 3.2e-14 3.6e+01 2.8e-03  1 6.4e+00 9.0e+00 3.4e-03  1
 4 1.3e-15 4.5e+01 3.1e-03  1 1.6e+00 9.0e+00 3.8e-03  1
 5 3.6e-14 5.4e+01 2.9e-03  1 4.8e-01 6.0e+00 3.8e-03  1
 6 3.2e-14 6.0e+01 2.9e-03  1 4.8e-02 1.0e+00 4.4e-03  1
 7 3.3e-14 6.1e+01 3.3e-03  1 3.6e-15 0.0e+00 4.5e-03  1
Optimality norm: 2.284587e-15 
********************* Iteration  31 ********************
it l1-MinV AddCons LP-TIME ST infCurV NewCons QP-TIME ST
 1 0.0e+00 9.0e+00 2.5e-03  1 2.2e+01 1.8e+01 3.1e-03  1
 2 3.6e-14 2.7e+01 2.8e-03  1 1.4e+01 9.0e+00 3.7e-03  1
 3 3.3e-14 3.6e+01 3.5e-03  1 6.3e+00 9.0e+00 3.7e-03  1
 4 2.5e-15 4.5e+01 2.9e-03  1 1.6e+00 9.0e+00 4.2e-03  1
 5 3.2e-14 5.4e+01 3.5e-03  1 6.0e-01 6.0e+00 5.7e-03  1
 6 3.3e-14 6.0e+01 2.9e-03  1 8.8e-02 3.0e+00 4.3e-03  1
 7 3.5e-14 6.3e+01 3.4e-03  1 3.6e-15 0.0e+00 8.6e-03  1
Optimality norm: 1.752378e-14 
********************* Iteration  32 ********************
it l1-MinV AddCons LP-TIME ST infCurV NewCons QP-TIME ST
 1 0.0e+00 9.0e+00 4.8e-03  1 2.2e+01 1.8e+01 4.7e-03  1
 2 3.7e-14 2.7e+01 5.7e-03  1 1.4e+01 9.0e+00 5.9e-03  1
 3 3.4e-14 3.6e+01 2.8e-03  1 6.3e+00 9.0e+00 3.6e-03  1
 4 1.7e-15 4.5e+01 2.9e-03  1 1.6e+00 9.0e+00 4.0e-03  1
 5 3.4e-14 5.4e+01 4.2e-03  1 6.0e-01 6.0e+00 7.9e-03  1
 6 6.7e-15 6.0e+01 3.2e-03  1 7.4e-02 3.0e+00 5.0e-03  1
 7 3.2e-14 6.3e+01 3.2e-03  1 3.6e-15 0.0e+00 1.1e-02  1
Optimality norm: 1.058120e-15 
********************* Iteration  33 ********************
it l1-MinV AddCons LP-TIME ST infCurV NewCons QP-TIME ST
 1 0.0e+00 9.0e+00 3.2e-03  1 2.2e+01 1.8e+01 3.6e-03  1
 2 3.6e-14 2.7e+01 3.3e-03  1 1.4e+01 9.0e+00 9.4e-03  1
 3 3.4e-14 3.6e+01 3.4e-03  1 6.4e+00 9.0e+00 7.7e-03  1
 4 2.7e-15 4.5e+01 5.5e-03  1 1.6e+00 9.0e+00 4.6e-03  1
 5 3.5e-14 5.4e+01 3.2e-03  1 4.7e-01 3.0e+00 4.3e-03  1
 6 4.0e-14 5.7e+01 4.1e-03  1 5.6e-02 3.0e+00 5.8e-03  1
 7 3.3e-14 6.0e+01 3.5e-03  1 3.6e-15 0.0e+00 4.8e-03  1
Optimality norm: 1.591434e-15 
********************* Iteration  34 ********************
it l1-MinV AddCons LP-TIME ST infCurV NewCons QP-TIME ST
 1 0.0e+00 9.0e+00 3.1e-03  1 2.2e+01 1.8e+01 6.2e-03  1
 2 3.2e-14 2.7e+01 3.2e-03  1 1.4e+01 9.0e+00 3.8e-03  1
 3 3.2e-14 3.6e+01 3.6e-03  1 7.5e+00 9.0e+00 5.7e-03  1
 4 3.7e-14 4.5e+01 3.3e-03  1 1.6e+00 9.0e+00 4.5e-03  1
 5 3.3e-14 5.4e+01 2.8e-03  1 5.4e-01 4.0e+00 3.7e-03  1
 6 3.5e-14 5.8e+01 3.1e-03  1 6.8e-02 3.0e+00 4.1e-03  1
 7 9.0e-15 6.1e+01 3.0e-03  1 3.6e-15 0.0e+00 4.1e-03  1
Optimality norm: 2.342970e-15 
********************* Iteration  35 ********************
it l1-MinV AddCons LP-TIME ST infCurV NewCons QP-TIME ST
 1 0.0e+00 9.0e+00 2.4e-03  1 2.2e+01 1.8e+01 3.1e-03  1
 2 3.2e-14 2.7e+01 2.7e-03  1 1.4e+01 9.0e+00 3.2e-03  1
 3 3.6e-14 3.6e+01 4.7e-03  1 7.2e+00 9.0e+00 7.8e-03  1
 4 3.2e-14 4.5e+01 5.8e-03  1 1.6e+00 9.0e+00 4.6e-03  1
 5 3.2e-14 5.4e+01 5.8e-03  1 5.7e-01 4.0e+00 3.7e-03  1
 6 3.2e-14 5.8e+01 5.3e-03  1 5.6e-02 3.0e+00 8.4e-03  1
 7 3.8e-15 6.1e+01 3.1e-03  1 3.6e-15 0.0e+00 4.1e-03  1
Optimality norm: 1.187806e-15 
********************* Iteration  36 ********************
it l1-MinV AddCons LP-TIME ST infCurV NewCons QP-TIME ST
 1 0.0e+00 9.0e+00 2.4e-03  1 2.2e+01 1.8e+01 3.0e-03  1
 2 4.4e-14 2.7e+01 2.7e-03  1 1.4e+01 9.0e+00 3.9e-03  1
 3 3.4e-14 3.6e+01 4.1e-03  1 6.9e+00 9.0e+00 5.5e-03  1
 4 1.1e-15 4.5e+01 3.1e-03  1 1.6e+00 9.0e+00 7.0e-03  1
 5 3.4e-14 5.4e+01 2.8e-03  1 5.7e-01 3.0e+00 3.7e-03  1
 6 1.3e-14 5.7e+01 3.1e-03  1 1.0e-01 2.0e+00 4.3e-03  1
 7 3.5e-14 5.9e+01 4.4e-03  1 3.6e-15 0.0e+00 1.0e-02  1
Optimality norm: 2.613317e-15 
********************* Iteration  37 ********************
it l1-MinV AddCons LP-TIME ST infCurV NewCons QP-TIME ST
 1 0.0e+00 9.0e+00 2.4e-03  1 2.2e+01 1.8e+01 3.0e-03  1
 2 3.2e-14 2.7e+01 2.6e-03  1 1.4e+01 9.0e+00 3.3e-03  1
 3 3.2e-14 3.6e+01 2.8e-03  1 6.4e+00 9.0e+00 3.6e-03  1
 4 3.2e-16 4.5e+01 3.0e-03  1 1.6e+00 9.0e+00 3.6e-03  1
 5 3.7e-14 5.4e+01 3.0e-03  1 5.0e-01 5.0e+00 3.7e-03  1
 6 3.4e-14 5.9e+01 3.1e-03  1 4.2e-02 2.0e+00 4.3e-03  1
 7 3.3e-14 6.1e+01 2.9e-03  1 3.6e-15 0.0e+00 3.8e-03  1
Optimality norm: 3.933016e-15 
********************* Iteration  38 ********************
it l1-MinV AddCons LP-TIME ST infCurV NewCons QP-TIME ST
 1 0.0e+00 9.0e+00 2.4e-03  1 2.2e+01 1.8e+01 3.0e-03  1
 2 3.7e-14 2.7e+01 2.7e-03  1 1.4e+01 9.0e+00 3.5e-03  1
 3 3.7e-14 3.6e+01 2.8e-03  1 7.3e+00 9.0e+00 3.4e-03  1
 4 5.9e-15 4.5e+01 2.9e-03  1 1.6e+00 9.0e+00 3.8e-03  1
 5 3.2e-14 5.4e+01 2.8e-03  1 5.2e-01 4.0e+00 3.8e-03  1
 6 4.2e-15 5.8e+01 3.0e-03  1 5.4e-02 2.0e+00 4.1e-03  1
 7 0.0e+00 6.0e+01 3.1e-03  1 3.6e-15 0.0e+00 4.1e-03  1
Optimality norm: 1.208136e-15 
********************* Iteration  39 ********************
it l1-MinV AddCons LP-TIME ST infCurV NewCons QP-TIME ST
 1 0.0e+00 9.0e+00 2.4e-03  1 2.2e+01 1.8e+01 3.0e-03  1
 2 3.2e-14 2.7e+01 2.6e-03  1 1.4e+01 9.0e+00 3.5e-03  1
 3 3.6e-14 3.6e+01 2.8e-03  1 7.6e+00 9.0e+00 3.7e-03  1
 4 3.7e-14 4.5e+01 2.9e-03  1 1.6e+00 9.0e+00 3.7e-03  1
 5 3.7e-14 5.4e+01 2.9e-03  1 5.5e-01 3.0e+00 3.7e-03  1
 6 3.6e-14 5.7e+01 4.4e-03  1 6.8e-02 2.0e+00 3.9e-03  1
 7 3.2e-14 5.9e+01 2.9e-03  1 3.6e-15 0.0e+00 3.8e-03  1
Optimality norm: 2.347673e-15 
********************* Iteration  40 ********************
it l1-MinV AddCons LP-TIME ST infCurV NewCons QP-TIME ST
 1 0.0e+00 9.0e+00 2.4e-03  1 2.2e+01 1.8e+01 3.0e-03  1
 2 3.6e-14 2.7e+01 2.7e-03  1 1.4e+01 9.0e+00 3.2e-03  1
 3 3.3e-14 3.6e+01 2.8e-03  1 7.3e+00 9.0e+00 5.1e-03  1
 4 3.6e-14 4.5e+01 2.9e-03  1 1.6e+00 9.0e+00 3.6e-03  1
 5 3.3e-14 5.4e+01 2.9e-03  1 5.7e-01 3.0e+00 3.8e-03  1
 6 3.3e-14 5.7e+01 2.9e-03  1 8.8e-02 2.0e+00 3.8e-03  1
 7 3.2e-14 5.9e+01 2.8e-03  1 3.6e-15 0.0e+00 3.9e-03  1
Optimality norm: 1.142781e-15 
********************* Iteration  41 ********************
it l1-MinV AddCons LP-TIME ST infCurV NewCons QP-TIME ST
 1 0.0e+00 9.0e+00 3.0e-03  1 2.2e+01 1.8e+01 4.4e-03  1
 2 3.6e-14 2.7e+01 3.4e-03  1 1.3e+01 9.0e+00 3.9e-03  1
 3 3.4e-14 3.6e+01 5.2e-03  1 6.3e+00 9.0e+00 3.9e-03  1
 4 3.3e-14 4.5e+01 3.8e-03  1 1.6e+00 9.0e+00 4.2e-03  1
 5 3.4e-14 5.4e+01 4.1e-03  1 5.6e-01 3.0e+00 5.2e-03  1
 6 3.5e-14 5.7e+01 3.4e-03  1 9.9e-02 2.0e+00 4.4e-03  1
 7 3.7e-15 5.9e+01 3.4e-03  1 3.6e-15 0.0e+00 4.5e-03  1
Optimality norm: 2.106515e-15 
********************* Iteration  42 ********************
it l1-MinV AddCons LP-TIME ST infCurV NewCons QP-TIME ST
 1 0.0e+00 9.0e+00 3.3e-03  1 2.2e+01 1.8e+01 3.7e-03  1
 2 4.8e-14 2.7e+01 6.2e-03  1 1.4e+01 9.0e+00 5.9e-03  1
 3 3.6e-14 3.6e+01 3.6e-03  1 6.3e+00 9.0e+00 4.5e-03  1
 4 7.0e-16 4.5e+01 3.5e-03  1 1.6e+00 9.0e+00 7.2e-03  1
 5 3.4e-14 5.4e+01 3.3e-03  1 5.6e-01 3.0e+00 4.3e-03  1
 6 3.4e-14 5.7e+01 3.4e-03  1 7.3e-02 2.0e+00 7.1e-03  1
 7 3.5e-14 5.9e+01 4.6e-03  1 3.6e-15 0.0e+00 4.6e-03  1
Optimality norm: 1.336045e-15 
********************* Iteration  43 ********************
it l1-MinV AddCons LP-TIME ST infCurV NewCons QP-TIME ST
 1 0.0e+00 9.0e+00 2.9e-03  1 2.2e+01 1.8e+01 3.5e-03  1
 2 3.2e-14 2.7e+01 3.9e-03  1 1.4e+01 9.0e+00 3.6e-03  1
 3 3.4e-14 3.6e+01 3.2e-03  1 6.3e+00 9.0e+00 4.3e-03  1
 4 3.3e-14 4.5e+01 5.9e-03  1 1.6e+00 9.0e+00 4.2e-03  1
 5 3.8e-15 5.4e+01 3.3e-03  1 5.6e-01 3.0e+00 4.2e-03  1
 6 3.0e-15 5.7e+01 3.3e-03  1 7.5e-02 1.0e+00 6.9e-03  1
 7 3.2e-14 5.8e+01 4.4e-03  1 3.6e-15 0.0e+00 4.6e-03  1
Optimality norm: 1.587396e-15 
********************* Iteration  44 ********************
it l1-MinV AddCons LP-TIME ST infCurV NewCons QP-TIME ST
 1 0.0e+00 9.0e+00 2.6e-03  1 2.2e+01 1.8e+01 3.3e-03  1
 2 3.4e-14 2.7e+01 3.4e-03  1 1.4e+01 9.0e+00 4.4e-03  1
 3 3.2e-14 3.6e+01 3.2e-03  1 6.4e+00 9.0e+00 3.9e-03  1
 4 3.5e-14 4.5e+01 3.9e-03  1 1.6e+00 9.0e+00 4.3e-03  1
 5 3.6e-14 5.4e+01 3.2e-03  1 5.6e-01 3.0e+00 3.9e-03  1
 6 3.4e-17 5.7e+01 3.7e-03  1 8.2e-02 2.0e+00 2.0e-02  1
 7 3.8e-14 5.9e+01 3.4e-03  1 3.6e-15 0.0e+00 4.5e-03  1
Optimality norm: 5.137054e-14 
********************* Iteration  45 ********************
it l1-MinV AddCons LP-TIME ST infCurV NewCons QP-TIME ST
 1 0.0e+00 9.0e+00 2.7e-03  1 2.2e+01 1.8e+01 3.1e-03  1
 2 4.0e-14 2.7e+01 2.9e-03  1 1.4e+01 9.0e+00 3.3e-03  1
 3 3.2e-14 3.6e+01 2.8e-03  1 6.4e+00 9.0e+00 3.4e-03  1
 4 3.4e-14 4.5e+01 3.3e-03  1 1.6e+00 9.0e+00 3.7e-03  1
 5 3.4e-14 5.4e+01 3.6e-03  1 5.6e-01 3.0e+00 3.8e-03  1
 6 5.6e-16 5.7e+01 3.0e-03  1 8.5e-02 2.0e+00 3.8e-03  1
 7 3.4e-14 5.9e+01 2.9e-03  1 3.6e-15 0.0e+00 6.9e-03  1
Optimality norm: 4.918647e-14 
********************* Iteration  46 ********************
it l1-MinV AddCons LP-TIME ST infCurV NewCons QP-TIME ST
 1 0.0e+00 9.0e+00 2.8e-03  1 2.2e+01 1.8e+01 3.4e-03  1
 2 3.3e-14 2.7e+01 3.0e-03  1 1.4e+01 9.0e+00 3.6e-03  1
 3 3.2e-14 3.6e+01 3.2e-03  1 6.4e+00 9.0e+00 3.9e-03  1
 4 1.4e-15 4.5e+01 3.2e-03  1 1.6e+00 9.0e+00 4.3e-03  1
 5 3.4e-14 5.4e+01 3.4e-03  1 8.6e-02 2.0e+00 4.4e-03  1
 6 3.2e-14 5.6e+01 3.4e-03  1 3.6e-15 0.0e+00 4.4e-03  1
Optimality norm: 1.591827e-14 
********************* Iteration  47 ********************
it l1-MinV AddCons LP-TIME ST infCurV NewCons QP-TIME ST
 1 0.0e+00 9.0e+00 3.1e-03  1 2.2e+01 1.8e+01 3.8e-03  1
 2 3.2e-14 2.7e+01 4.8e-03  1 1.4e+01 9.0e+00 7.3e-03  1
 3 3.3e-14 3.6e+01 3.5e-03  1 6.4e+00 9.0e+00 4.7e-03  1
 4 5.2e-15 4.5e+01 4.0e-03  1 1.6e+00 9.0e+00 7.7e-03  1
 5 3.2e-14 5.4e+01 3.9e-03  1 8.7e-02 2.0e+00 5.4e-03  1
 6 3.3e-14 5.6e+01 3.3e-03  1 3.6e-15 0.0e+00 4.2e-03  1
Optimality norm: 1.058649e-14 
********************* Iteration  48 ********************
it l1-MinV AddCons LP-TIME ST infCurV NewCons QP-TIME ST
 1 0.0e+00 9.0e+00 3.0e-03  1 2.2e+01 1.8e+01 3.5e-03  1
 2 3.4e-14 2.7e+01 3.2e-03  1 1.4e+01 9.0e+00 3.9e-03  1
 3 3.2e-14 3.6e+01 3.2e-03  1 6.4e+00 9.0e+00 3.8e-03  1
 4 3.3e-14 4.5e+01 3.2e-03  1 1.6e+00 9.0e+00 4.2e-03  1
 5 3.3e-14 5.4e+01 3.4e-03  1 5.7e-01 4.0e+00 4.5e-03  1
 6 3.4e-14 5.8e+01 3.2e-03  1 8.2e-02 2.0e+00 4.2e-03  1
 7 3.0e-15 6.0e+01 3.4e-03  1 6.1e-07 0.0e+00 4.5e-03  1
Optimality norm: 1.017506e-15 
********************* Iteration  49 ********************
it l1-MinV AddCons LP-TIME ST infCurV NewCons QP-TIME ST
 1 0.0e+00 9.0e+00 2.4e-03  1 1.4e+01 9.0e+00 4.3e-03  1
 2 2.5e-14 1.8e+01 2.8e-03  1 6.2e+00 9.0e+00 3.2e-03  1
 3 2.5e-14 2.7e+01 2.8e-03  1 1.6e+00 9.0e+00 3.2e-03  1
 4 2.8e-14 3.6e+01 2.7e-03  1 5.8e-01 4.0e+00 3.5e-03  1
 5 2.9e-14 4.0e+01 3.0e-03  1 6.9e-02 1.0e+00 4.0e-03  1
 6 2.5e-15 4.1e+01 2.9e-03  1 3.6e-15 2.0e+00 6.4e-03  1
 7 5.6e-15 4.3e+01 2.9e-03  1 3.6e-15 0.0e+00 3.9e-03  1
Optimality norm: 4.388447e-15 
********************* Iteration  50 ********************
it l1-MinV AddCons LP-TIME ST infCurV NewCons QP-TIME ST
 1 0.0e+00 9.0e+00 2.3e-03  1 2.2e+01 1.8e+01 3.1e-03  1
 2 3.7e-14 2.7e+01 2.7e-03  1 1.4e+01 9.0e+00 3.2e-03  1
 3 3.7e-14 3.6e+01 2.9e-03  1 6.4e+00 9.0e+00 4.1e-03  1
 4 3.6e-14 4.5e+01 3.4e-03  1 4.5e+00 9.0e+00 3.8e-03  1
 5 3.2e-14 5.4e+01 2.9e-03  1 5.6e-01 4.0e+00 3.6e-03  1
 6 3.2e-14 5.8e+01 3.9e-03  1 9.4e-02 2.0e+00 7.0e-03  1
 7 2.6e-15 6.0e+01 3.1e-03  1 3.6e-15 0.0e+00 4.1e-03  1
Optimality norm: 4.213436e-15 
********************* Iteration  51 ********************
it l1-MinV AddCons LP-TIME ST infCurV NewCons QP-TIME ST
 1 0.0e+00 9.0e+00 2.6e-03  1 2.2e+01 1.8e+01 5.4e-03  1
 2 3.2e-14 2.7e+01 5.5e-03  1 1.4e+01 9.0e+00 6.2e-03  1
 3 3.2e-14 3.6e+01 4.8e-03  1 6.7e+00 9.0e+00 5.2e-03  1
 4 3.6e-14 4.5e+01 4.1e-03  1 1.6e+00 9.0e+00 6.0e-03  1
 5 3.4e-14 5.4e+01 3.9e-03  1 5.5e-01 6.0e+00 7.5e-03  1
 6 3.4e-14 6.0e+01 4.8e-03  1 6.3e-02 2.0e+00 7.5e-03  1
 7 3.5e-14 6.2e+01 3.2e-03  1 3.6e-15 0.0e+00 4.7e-03  1
Optimality norm: 1.371217e-15 
********************* Iteration  52 ********************
it l1-MinV AddCons LP-TIME ST infCurV NewCons QP-TIME ST
 1 0.0e+00 9.0e+00 2.9e-03  1 2.2e+01 1.8e+01 3.7e-03  1
 2 3.7e-14 2.7e+01 3.6e-03  1 1.4e+01 9.0e+00 4.6e-03  1
 3 3.2e-14 3.6e+01 3.2e-03  1 6.9e+00 9.0e+00 4.1e-03  1
 4 6.5e-15 4.5e+01 5.2e-03  1 1.6e+00 9.0e+00 4.4e-03  1
 5 3.4e-14 5.4e+01 3.4e-03  1 5.2e-01 5.0e+00 4.4e-03  1
 6 3.2e-14 5.9e+01 5.3e-03  1 8.9e-02 2.0e+00 6.1e-03  1
 7 7.0e-15 6.1e+01 4.6e-03  1 4.6e-07 0.0e+00 5.0e-03  1
Optimality norm: 5.891156e-15 
********************* Iteration  53 ********************
it l1-MinV AddCons LP-TIME ST infCurV NewCons QP-TIME ST
 1 0.0e+00 9.0e+00 2.3e-03  1 2.2e+01 1.8e+01 3.6e-03  1
 2 2.8e-14 2.7e+01 3.0e-03  1 1.4e+01 9.0e+00 3.4e-03  1
 3 2.9e-14 3.6e+01 3.0e-03  1 7.0e+00 9.0e+00 3.7e-03  1
 4 2.1e-16 4.5e+01 2.9e-03  1 1.6e+00 9.0e+00 3.8e-03  1
 5 3.0e-14 5.4e+01 2.9e-03  1 5.5e-01 3.0e+00 4.1e-03  1
 6 2.9e-14 5.7e+01 3.0e-03  1 3.6e-15 1.0e+00 4.2e-03  1
 7 3.3e-14 5.8e+01 2.9e-03  1 3.6e-15 0.0e+00 4.0e-03  1
Optimality norm: 6.364807e-15 
********************* Iteration  54 ********************
it l1-MinV AddCons LP-TIME ST infCurV NewCons QP-TIME ST
 1 0.0e+00 9.0e+00 2.9e-03  1 2.2e+01 1.8e+01 3.6e-03  1
 2 4.0e-14 2.7e+01 2.9e-03  1 1.4e+01 9.0e+00 3.7e-03  1
 3 3.2e-14 3.6e+01 2.9e-03  1 6.4e+00 9.0e+00 4.9e-03  1
 4 3.8e-14 4.5e+01 2.9e-03  1 1.6e+00 9.0e+00 3.8e-03  1
 5 3.2e-14 5.4e+01 3.0e-03  1 5.9e-01 8.0e+00 4.1e-03  1
 6 3.2e-14 6.2e+01 3.6e-03  1 6.1e-02 2.0e+00 4.8e-03  1
 7 3.6e-14 6.4e+01 3.0e-03  1 3.6e-15 0.0e+00 4.4e-03  1
Optimality norm: 2.077346e-14 
********************* Iteration  55 ********************
it l1-MinV AddCons LP-TIME ST infCurV NewCons QP-TIME ST
 1 0.0e+00 9.0e+00 2.7e-03  1 2.2e+01 1.8e+01 3.2e-03  1
 2 4.0e-14 2.7e+01 2.7e-03  1 1.4e+01 9.0e+00 3.5e-03  1
 3 3.3e-14 3.6e+01 2.9e-03  1 6.8e+00 9.0e+00 3.8e-03  1
 4 7.0e-15 4.5e+01 2.9e-03  1 1.6e+00 9.0e+00 3.8e-03  1
 5 4.0e-15 5.4e+01 3.0e-03  1 6.1e-01 8.0e+00 3.8e-03  1
 6 3.3e-14 6.2e+01 3.0e-03  1 9.7e-02 2.0e+00 4.3e-03  1
 7 3.2e-14 6.4e+01 3.0e-03  1 3.6e-15 0.0e+00 7.9e-03  1
Optimality norm: 2.234823e-14 
********************* Iteration  56 ********************
it l1-MinV AddCons LP-TIME ST infCurV NewCons QP-TIME ST
 1 0.0e+00 9.0e+00 3.1e-03  1 2.1e+01 1.8e+01 5.7e-03  1
 2 3.4e-14 2.7e+01 3.1e-03  1 1.4e+01 9.0e+00 3.3e-03  1
 3 3.4e-14 3.6e+01 3.8e-03  1 6.6e+00 9.0e+00 5.6e-03  1
 4 0.0e+00 4.5e+01 3.3e-03  1 1.6e+00 9.0e+00 4.2e-03  1
 5 3.6e-14 5.4e+01 3.1e-03  1 6.1e-01 6.0e+00 4.0e-03  1
 6 3.5e-14 6.0e+01 3.1e-03  1 7.8e-02 2.0e+00 3.9e-03  1
 7 3.2e-14 6.2e+01 5.7e-03  1 3.6e-15 0.0e+00 4.6e-03  1
Optimality norm: 6.564318e-14 
********************* Iteration  57 ********************
it l1-MinV AddCons LP-TIME ST infCurV NewCons QP-TIME ST
 1 0.0e+00 9.0e+00 2.4e-03  1 2.2e+01 1.8e+01 2.9e-03  1
 2 3.2e-14 2.7e+01 2.7e-03  1 1.4e+01 9.0e+00 3.3e-03  1
 3 3.4e-14 3.6e+01 2.8e-03  1 6.7e+00 9.0e+00 3.5e-03  1
 4 3.4e-14 4.5e+01 3.2e-03  1 1.6e+00 9.0e+00 3.6e-03  1
 5 3.9e-14 5.4e+01 2.9e-03  1 2.0e-01 5.0e+00 3.8e-03  1
 6 3.4e-14 5.9e+01 3.0e-03  1 3.6e-15 0.0e+00 4.7e-03  1
Optimality norm: 2.372743e-14 
********************* Iteration  58 ********************
it l1-MinV AddCons LP-TIME ST infCurV NewCons QP-TIME ST
 1 0.0e+00 9.0e+00 2.4e-03  1 2.2e+01 1.8e+01 3.1e-03  1
 2 3.2e-14 2.7e+01 2.8e-03  1 1.4e+01 9.0e+00 3.6e-03  1
 3 3.2e-14 3.6e+01 2.8e-03  1 6.4e+00 9.0e+00 4.1e-03  1
 4 3.3e-14 4.5e+01 2.9e-03  1 1.6e+00 9.0e+00 3.6e-03  1
 5 3.3e-14 5.4e+01 2.9e-03  1 5.8e-01 3.0e+00 4.1e-03  1
 6 3.3e-14 5.7e+01 3.0e-03  1 8.0e-02 2.0e+00 4.0e-03  1
 7 2.3e-15 5.9e+01 2.9e-03  1 3.6e-15 0.0e+00 4.0e-03  1
Optimality norm: 1.160392e-15 
********************* Iteration  59 ********************
it l1-MinV AddCons LP-TIME ST infCurV NewCons QP-TIME ST
 1 0.0e+00 9.0e+00 2.5e-03  1 2.2e+01 1.8e+01 3.0e-03  1
 2 3.6e-14 2.7e+01 2.7e-03  1 1.4e+01 9.0e+00 3.4e-03  1
 3 3.4e-14 3.6e+01 2.7e-03  1 6.4e+00 9.0e+00 3.4e-03  1
 4 3.5e-14 4.5e+01 2.8e-03  1 1.6e+00 9.0e+00 3.7e-03  1
 5 3.3e-14 5.4e+01 2.8e-03  1 6.0e-01 3.0e+00 3.4e-03  1
 6 0.0e+00 5.7e+01 2.9e-03  1 5.7e-02 2.0e+00 4.0e-03  1
 7 5.1e-16 5.9e+01 2.9e-03  1 3.6e-15 0.0e+00 3.9e-03  1
Optimality norm: 1.858427e-15 
********************* Iteration  60 ********************
it l1-MinV AddCons LP-TIME ST infCurV NewCons QP-TIME ST
 1 0.0e+00 9.0e+00 2.8e-03  1 2.3e+01 1.8e+01 3.1e-03  1
 2 3.3e-14 2.7e+01 3.4e-03  1 1.4e+01 9.0e+00 3.3e-03  1
 3 3.4e-14 3.6e+01 2.8e-03  1 6.4e+00 9.0e+00 3.5e-03  1
 4 3.2e-14 4.5e+01 6.0e-03  1 1.6e+00 9.0e+00 4.5e-03  1
 5 3.3e-14 5.4e+01 3.0e-03  1 5.7e-01 3.0e+00 4.5e-03  1
 6 2.2e-15 5.7e+01 3.3e-03  1 1.0e-01 2.0e+00 4.0e-03  1
 7 3.7e-14 5.9e+01 2.9e-03  1 3.6e-15 0.0e+00 3.8e-03  1
Optimality norm: 6.407889e-15 
********************* Iteration  61 ********************
it l1-MinV AddCons LP-TIME ST infCurV NewCons QP-TIME ST
 1 0.0e+00 9.0e+00 3.2e-03  1 2.3e+01 1.8e+01 3.9e-03  1
 2 3.2e-14 2.7e+01 2.7e-03  1 1.4e+01 9.0e+00 3.3e-03  1
 3 3.4e-14 3.6e+01 2.9e-03  1 6.4e+00 9.0e+00 3.2e-03  1
 4 8.1e-15 4.5e+01 3.1e-03  1 1.6e+00 9.0e+00 4.1e-03  1
 5 3.2e-14 5.4e+01 5.9e-03  1 5.8e-01 3.0e+00 4.1e-03  1
 6 5.7e-15 5.7e+01 4.4e-03  1 1.4e-01 2.0e+00 5.6e-03  1
 7 3.2e-14 5.9e+01 3.0e-03  1 3.6e-15 0.0e+00 4.2e-03  1
Optimality norm: 8.257035e-15 
********************* Iteration  62 ********************
it l1-MinV AddCons LP-TIME ST infCurV NewCons QP-TIME ST
 1 0.0e+00 9.0e+00 2.5e-03  1 2.3e+01 1.8e+01 4.7e-03  1
 2 3.2e-14 2.7e+01 2.7e-03  1 1.4e+01 9.0e+00 3.2e-03  1
 3 3.3e-14 3.6e+01 2.9e-03  1 6.4e+00 9.0e+00 5.8e-03  1
 4 6.1e-16 4.5e+01 3.7e-03  1 1.6e+00 9.0e+00 5.6e-03  1
 5 3.3e-14 5.4e+01 3.2e-03  1 1.7e-01 7.0e+00 4.1e-03  1
 6 3.4e-14 6.1e+01 2.9e-03  1 3.6e-15 0.0e+00 4.7e-03  1
Optimality norm: 7.130265e-15 
********************* Iteration  63 ********************
it l1-MinV AddCons LP-TIME ST infCurV NewCons QP-TIME ST
 1 0.0e+00 9.0e+00 2.4e-03  1 2.3e+01 1.8e+01 2.9e-03  1
 2 3.3e-14 2.7e+01 2.8e-03  1 1.4e+01 1.3e+01 3.2e-03  1
 3 3.2e-14 4.0e+01 3.3e-03  1 6.4e+00 1.1e+01 3.7e-03  1
 4 1.6e-15 5.1e+01 2.9e-03  1 1.8e+00 9.0e+00 3.9e-03  1
 5 3.7e-14 6.0e+01 3.1e-03  1 2.5e-01 5.0e+00 4.0e-03  1
 6 3.6e-14 6.5e+01 2.9e-03  1 5.8e-07 0.0e+00 3.9e-03  1
Optimality norm: 2.990094e-15 
********************* Iteration  64 ********************
it l1-MinV AddCons LP-TIME ST infCurV NewCons QP-TIME ST
 1 0.0e+00 9.0e+00 2.4e-03  1 2.3e+01 1.8e+01 3.0e-03  1
 2 2.9e-14 2.7e+01 2.7e-03  1 1.4e+01 1.3e+01 3.2e-03  1
 3 3.6e-14 4.0e+01 2.9e-03  1 6.4e+00 9.0e+00 3.5e-03  1
 4 7.1e-15 4.9e+01 3.1e-03  1 1.7e+00 9.0e+00 4.1e-03  1
 5 3.4e-14 5.8e+01 2.8e-03  1 2.4e-01 4.0e+00 3.6e-03  1
 6 3.0e-14 6.2e+01 3.5e-03  1 3.6e-15 1.0e+00 4.0e-03  1
 7 3.3e-14 6.3e+01 3.0e-03  1 3.6e-15 0.0e+00 4.0e-03  1
Optimality norm: 4.365530e-15 
********************* Iteration  65 ********************
it l1-MinV AddCons LP-TIME ST infCurV NewCons QP-TIME ST
 1 0.0e+00 9.0e+00 2.6e-03  1 2.3e+01 1.8e+01 3.0e-03  1
 2 3.5e-14 2.7e+01 2.7e-03  1 1.4e+01 1.3e+01 3.3e-03  1
 3 3.8e-14 4.0e+01 3.5e-03  1 6.4e+00 9.0e+00 3.6e-03  1
 4 3.6e-14 4.9e+01 2.9e-03  1 1.7e+00 9.0e+00 4.0e-03  1
 5 3.4e-14 5.8e+01 2.9e-03  1 2.5e-01 4.0e+00 3.8e-03  1
 6 3.3e-14 6.2e+01 2.9e-03  1 3.6e-15 0.0e+00 3.9e-03  1
Optimality norm: 1.286753e-14 
********************* Iteration  66 ********************
it l1-MinV AddCons LP-TIME ST infCurV NewCons QP-TIME ST
 1 0.0e+00 9.0e+00 2.4e-03  1 2.2e+01 1.8e+01 3.0e-03  1
 2 5.0e-14 2.7e+01 2.7e-03  1 1.4e+01 1.2e+01 3.1e-03  1
 3 3.9e-14 3.9e+01 2.9e-03  1 6.3e+00 9.0e+00 4.4e-03  1
 4 0.0e+00 4.8e+01 3.1e-03  1 1.8e+00 9.0e+00 9.8e-03  1
 5 3.4e-14 5.7e+01 4.0e-03  1 8.5e-01 9.0e+00 4.5e-03  1
 6 3.5e-14 6.6e+01 3.5e-03  1 3.6e-15 0.0e+00 5.6e-03  1
Optimality norm: 3.804714e-15 
********************* Iteration  67 ********************
it l1-MinV AddCons LP-TIME ST infCurV NewCons QP-TIME ST
 1 0.0e+00 9.0e+00 2.4e-03  1 2.2e+01 1.8e+01 2.9e-03  1
 2 3.2e-14 2.7e+01 2.7e-03  1 1.4e+01 9.0e+00 3.0e-03  1
 3 3.2e-14 3.6e+01 2.8e-03  1 6.4e+00 9.0e+00 3.4e-03  1
 4 1.2e-15 4.5e+01 2.9e-03  1 1.7e+00 9.0e+00 3.8e-03  1
 5 3.7e-14 5.4e+01 2.9e-03  1 8.1e-01 9.0e+00 3.6e-03  1
 6 4.0e-14 6.3e+01 3.2e-03  1 3.6e-15 0.0e+00 3.8e-03  1
Optimality norm: 1.985485e-15 
********************* Iteration  68 ********************
it l1-MinV AddCons LP-TIME ST infCurV NewCons QP-TIME ST
 1 0.0e+00 9.0e+00 2.4e-03  1 2.2e+01 1.8e+01 3.1e-03  1
 2 3.4e-14 2.7e+01 2.7e-03  1 1.4e+01 9.0e+00 3.2e-03  1
 3 3.2e-14 3.6e+01 2.8e-03  1 6.3e+00 9.0e+00 3.7e-03  1
 4 3.6e-14 4.5e+01 2.9e-03  1 1.7e+00 9.0e+00 3.3e-03  1
 5 3.5e-14 5.4e+01 2.9e-03  1 8.5e-01 8.0e+00 3.9e-03  1
 6 3.7e-14 6.2e+01 3.3e-03  1 3.6e-15 0.0e+00 3.7e-03  1
Optimality norm: 1.487460e-15 
********************* Iteration  69 ********************
it l1-MinV AddCons LP-TIME ST infCurV NewCons QP-TIME ST
 1 0.0e+00 9.0e+00 2.4e-03  1 2.2e+01 1.8e+01 3.2e-03  1
 2 3.2e-14 2.7e+01 2.7e-03  1 1.4e+01 9.0e+00 3.3e-03  1
 3 3.2e-14 3.6e+01 3.2e-03  1 6.3e+00 9.0e+00 5.9e-03  1
 4 9.0e-15 4.5e+01 3.4e-03  1 1.6e+00 9.0e+00 4.0e-03  1
 5 3.7e-14 5.4e+01 2.8e-03  1 8.5e-01 9.0e+00 3.9e-03  1
 6 3.3e-14 6.3e+01 2.9e-03  1 3.6e-15 0.0e+00 3.8e-03  1
Optimality norm: 1.404857e-15 
********************* Iteration  70 ********************
it l1-MinV AddCons LP-TIME ST infCurV NewCons QP-TIME ST
 1 0.0e+00 9.0e+00 2.4e-03  1 2.2e+01 1.8e+01 3.1e-03  1
 2 3.2e-14 2.7e+01 2.7e-03  1 1.4e+01 9.0e+00 3.1e-03  1
 3 4.0e-14 3.6e+01 2.8e-03  1 6.3e+00 9.0e+00 3.3e-03  1
 4 1.0e-15 4.5e+01 3.2e-03  1 1.6e+00 9.0e+00 3.8e-03  1
 5 3.4e-14 5.4e+01 2.9e-03  1 8.2e-01 9.0e+00 3.8e-03  1
 6 4.0e-14 6.3e+01 3.1e-03  1 1.8e-05 1.0e+00 4.4e-03  1
 7 3.6e-14 6.4e+01 3.1e-03  1 3.6e-15 0.0e+00 3.9e-03  1
Optimality norm: 1.232876e-15 
********************* Iteration  71 ********************
it l1-MinV AddCons LP-TIME ST infCurV NewCons QP-TIME ST
 1 0.0e+00 9.0e+00 2.4e-03  1 2.2e+01 1.8e+01 2.9e-03  1
 2 4.3e-14 2.7e+01 2.8e-03  1 1.4e+01 9.0e+00 3.1e-03  1
 3 3.6e-14 3.6e+01 2.9e-03  1 6.3e+00 9.0e+00 3.6e-03  1
 4 3.5e-14 4.5e+01 2.9e-03  1 1.6e+00 9.0e+00 3.6e-03  1
 5 3.2e-14 5.4e+01 2.8e-03  1 7.3e-01 9.0e+00 3.8e-03  1
 6 2.4e-16 6.3e+01 3.0e-03  1 2.1e-05 2.0e+00 4.6e-03  1
 7 4.1e-15 6.5e+01 3.1e-03  1 4.4e-08 0.0e+00 5.3e-03  1
Optimality norm: 4.509483e-15 
********************* Iteration  72 ********************
it l1-MinV AddCons LP-TIME ST infCurV NewCons QP-TIME ST
 1 0.0e+00 9.0e+00 2.5e-03  1 2.2e+01 1.8e+01 3.0e-03  1
 2 3.3e-14 2.7e+01 2.7e-03  1 1.4e+01 9.0e+00 3.6e-03  1
 3 3.9e-14 3.6e+01 3.0e-03  1 6.3e+00 9.0e+00 3.8e-03  1
 4 2.8e-14 4.5e+01 5.0e-03  1 1.5e+00 9.0e+00 3.6e-03  1
 5 4.5e-16 5.4e+01 2.9e-03  1 6.2e-01 9.0e+00 4.7e-03  1
 6 2.2e-15 6.3e+01 3.1e-03  1 5.4e-07 1.0e+00 4.4e-03  1
 7 9.4e-16 6.4e+01 3.0e-03  1 5.2e-07 0.0e+00 3.8e-03  1
Optimality norm: 1.559721e-15 
********************* Iteration  73 ********************
it l1-MinV AddCons LP-TIME ST infCurV NewCons QP-TIME ST
 1 0.0e+00 9.0e+00 2.6e-03  1 2.2e+01 1.8e+01 3.0e-03  1
 2 3.9e-14 2.7e+01 4.7e-03  1 1.4e+01 9.0e+00 3.4e-03  1
 3 2.9e-14 3.6e+01 2.8e-03  1 6.3e+00 9.0e+00 3.1e-03  1
 4 4.3e-15 4.5e+01 3.1e-03  1 1.6e+00 9.0e+00 6.9e-03  1
 5 8.0e-16 5.4e+01 3.0e-03  1 8.7e-01 9.0e+00 4.1e-03  1
 6 3.1e-14 6.3e+01 3.1e-03  1 3.6e-15 1.0e+00 3.9e-03  1
 7 3.4e-14 6.4e+01 2.9e-03  1 3.6e-15 0.0e+00 3.8e-03  1
Optimality norm: 1.400554e-15 
********************* Iteration  74 ********************
it l1-MinV AddCons LP-TIME ST infCurV NewCons QP-TIME ST
 1 0.0e+00 9.0e+00 2.4e-03  1 2.3e+01 1.8e+01 2.9e-03  1
 2 5.3e-14 2.7e+01 2.7e-03  1 1.4e+01 9.0e+00 3.2e-03  1
 3 3.2e-14 3.6e+01 3.0e-03  1 6.3e+00 9.0e+00 3.2e-03  1
 4 3.4e-14 4.5e+01 3.0e-03  1 1.6e+00 9.0e+00 3.8e-03  1
 5 3.6e-14 5.4e+01 3.0e-03  1 7.2e-01 9.0e+00 3.8e-03  1
 6 3.2e-14 6.3e+01 3.0e-03  1 3.3e-02 3.0e+00 4.4e-03  1
 7 3.1e-16 6.6e+01 2.9e-03  1 3.6e-15 0.0e+00 4.4e-03  1
Optimality norm: 1.678894e-15 
********************* Iteration  75 ********************
it l1-MinV AddCons LP-TIME ST infCurV NewCons QP-TIME ST
 1 0.0e+00 9.0e+00 2.3e-03  1 2.3e+01 1.8e+01 3.0e-03  1
 2 3.2e-14 2.7e+01 2.7e-03  1 1.4e+01 9.0e+00 3.3e-03  1
 3 3.7e-14 3.6e+01 2.8e-03  1 6.3e+00 9.0e+00 3.2e-03  1
 4 2.0e-16 4.5e+01 2.9e-03  1 1.6e+00 9.0e+00 3.8e-03  1
 5 3.2e-14 5.4e+01 3.1e-03  1 6.8e-01 9.0e+00 3.7e-03  1
 6 3.7e-14 6.3e+01 3.2e-03  1 3.4e-02 2.0e+00 4.3e-03  1
 7 2.2e-15 6.5e+01 2.9e-03  1 3.6e-15 0.0e+00 4.6e-03  1
Optimality norm: 1.932814e-14 
********************* Iteration  76 ********************
it l1-MinV AddCons LP-TIME ST infCurV NewCons QP-TIME ST
 1 0.0e+00 9.0e+00 2.4e-03  1 2.3e+01 1.8e+01 3.0e-03  1
 2 4.6e-14 2.7e+01 2.9e-03  1 1.4e+01 9.0e+00 3.6e-03  1
 3 3.2e-14 3.6e+01 2.9e-03  1 6.3e+00 9.0e+00 3.2e-03  1
 4 4.2e-14 4.5e+01 3.3e-03  1 1.6e+00 9.0e+00 3.8e-03  1
 5 3.9e-14 5.4e+01 2.9e-03  1 7.7e-01 9.0e+00 3.9e-03  1
 6 3.5e-14 6.3e+01 2.9e-03  1 5.7e-02 3.0e+00 3.8e-03  1
 7 3.4e-14 6.6e+01 2.9e-03  1 3.6e-15 0.0e+00 4.2e-03  1
Optimality norm: 5.988061e-15 
********************* Iteration  77 ********************
it l1-MinV AddCons LP-TIME ST infCurV NewCons QP-TIME ST
 1 0.0e+00 9.0e+00 2.3e-03  1 2.4e+01 1.8e+01 3.3e-03  1
 2 3.2e-14 2.7e+01 2.7e-03  1 1.4e+01 9.0e+00 3.6e-03  1
 3 3.2e-14 3.6e+01 3.0e-03  1 6.3e+00 9.0e+00 3.2e-03  1
 4 0.0e+00 4.5e+01 3.2e-03  1 1.5e+00 9.0e+00 4.1e-03  1
 5 3.2e-14 5.4e+01 2.9e-03  1 7.9e-01 9.0e+00 3.8e-03  1
 6 3.2e-14 6.3e+01 2.9e-03  1 4.5e-02 4.0e+00 3.8e-03  1
 7 3.9e-14 6.7e+01 3.1e-03  1 3.6e-15 0.0e+00 4.3e-03  1
Optimality norm: 7.984101e-15 
********************* Iteration  78 ********************
it l1-MinV AddCons LP-TIME ST infCurV NewCons QP-TIME ST
 1 0.0e+00 9.0e+00 2.4e-03  1 2.4e+01 1.8e+01 2.9e-03  1
 2 3.9e-14 2.7e+01 2.7e-03  1 1.4e+01 9.0e+00 3.2e-03  1
 3 3.2e-14 3.6e+01 3.1e-03  1 6.3e+00 9.0e+00 3.8e-03  1
 4 2.3e-15 4.5e+01 4.2e-03  1 1.5e+00 9.0e+00 5.3e-03  1
 5 3.5e-14 5.4e+01 2.9e-03  1 7.9e-01 9.0e+00 3.8e-03  1
 6 3.4e-14 6.3e+01 4.9e-03  1 2.5e-02 4.0e+00 3.9e-03  1
 7 4.0e-14 6.7e+01 3.3e-03  1 3.6e-15 0.0e+00 4.1e-03  1
Optimality norm: 5.450592e-15 
********************* Iteration  79 ********************
it l1-MinV AddCons LP-TIME ST infCurV NewCons QP-TIME ST
 1 0.0e+00 9.0e+00 2.4e-03  1 2.4e+01 1.8e+01 3.3e-03  1
 2 3.2e-14 2.7e+01 2.8e-03  1 1.4e+01 9.0e+00 3.5e-03  1
 3 3.5e-14 3.6e+01 2.9e-03  1 6.3e+00 9.0e+00 4.0e-03  1
 4 3.7e-14 4.5e+01 3.3e-03  1 1.2e+00 9.0e+00 3.5e-03  1
 5 9.3e-16 5.4e+01 3.1e-03  1 2.1e-01 9.0e+00 3.9e-03  1
 6 2.1e-15 6.3e+01 3.1e-03  1 5.0e-06 2.0e+00 5.2e-03  1
 7 1.8e-14 6.5e+01 3.2e-03  1 3.6e-15 0.0e+00 5.1e-03  1
Optimality norm: 3.985695e-15 
********************* Iteration  80 ********************
it l1-MinV AddCons LP-TIME ST infCurV NewCons QP-TIME ST
 1 0.0e+00 9.0e+00 2.4e-03  1 2.3e+01 1.8e+01 3.0e-03  1
 2 3.3e-14 2.7e+01 2.7e-03  1 1.4e+01 9.0e+00 3.5e-03  1
 3 3.6e-14 3.6e+01 2.9e-03  1 6.3e+00 9.0e+00 3.3e-03  1
 4 3.7e-14 4.5e+01 3.0e-03  1 1.3e+00 9.0e+00 4.2e-03  1
 5 5.1e-16 5.4e+01 3.0e-03  1 5.5e-01 6.0e+00 7.2e-03  1
 6 3.9e-14 6.0e+01 2.8e-03  1 3.6e-15 0.0e+00 3.7e-03  1
Optimality norm: 7.258634e-15 
********************* Iteration  81 ********************
it l1-MinV AddCons LP-TIME ST infCurV NewCons QP-TIME ST
 1 0.0e+00 9.0e+00 2.5e-03  1 2.4e+01 1.8e+01 3.1e-03  1
 2 3.6e-14 2.7e+01 2.7e-03  1 1.4e+01 1.3e+01 3.2e-03  1
 3 4.6e-14 4.0e+01 2.9e-03  1 6.3e+00 9.0e+00 3.9e-03  1
 4 3.3e-14 4.9e+01 3.2e-03  1 1.6e+00 9.0e+00 4.5e-03  1
 5 2.5e-15 5.8e+01 2.9e-03  1 6.7e-01 8.0e+00 4.3e-03  1
 6 3.2e-14 6.6e+01 2.9e-03  1 5.3e-07 0.0e+00 4.8e-03  1
Optimality norm: 2.361325e-15 
********************* Iteration  82 ********************
it l1-MinV AddCons LP-TIME ST infCurV NewCons QP-TIME ST
 1 0.0e+00 9.0e+00 2.5e-03  1 2.4e+01 1.8e+01 3.0e-03  1
 2 4.7e-14 2.7e+01 2.7e-03  1 1.4e+01 9.0e+00 3.1e-03  1
 3 2.8e-14 3.6e+01 3.2e-03  1 6.2e+00 9.0e+00 3.5e-03  1
 4 3.0e-14 4.5e+01 3.0e-03  1 1.5e+00 9.0e+00 3.7e-03  1
 5 3.1e-14 5.4e+01 3.2e-03  1 8.5e-02 2.0e+00 4.0e-03  1
 6 3.2e-14 5.6e+01 2.9e-03  1 3.6e-15 1.0e+00 3.6e-03  1
 7 3.2e-14 5.7e+01 3.0e-03  1 3.6e-15 0.0e+00 4.1e-03  1
Optimality norm: 2.942958e-15 
********************* Iteration  83 ********************
it l1-MinV AddCons LP-TIME ST infCurV NewCons QP-TIME ST
 1 0.0e+00 9.0e+00 2.5e-03  1 2.4e+01 1.8e+01 3.1e-03  1
 2 3.6e-14 2.7e+01 2.8e-03  1 1.4e+01 9.0e+00 3.3e-03  1
 3 3.8e-14 3.6e+01 2.8e-03  1 6.2e+00 9.0e+00 4.7e-03  1
 4 3.6e-15 4.5e+01 3.2e-03  1 1.4e+00 9.0e+00 3.9e-03  1
 5 3.6e-14 5.4e+01 3.1e-03  1 1.0e-01 3.0e+00 3.8e-03  1
 6 4.2e-14 5.7e+01 3.8e-03  1 3.6e-15 0.0e+00 6.6e-03  1
Optimality norm: 7.273474e-15 
********************* Iteration  84 ********************
it l1-MinV AddCons LP-TIME ST infCurV NewCons QP-TIME ST
 1 0.0e+00 9.0e+00 2.4e-03  1 2.4e+01 1.8e+01 2.9e-03  1
 2 3.2e-14 2.7e+01 2.7e-03  1 1.4e+01 9.0e+00 3.6e-03  1
 3 3.2e-14 3.6e+01 2.8e-03  1 6.3e+00 9.0e+00 3.4e-03  1
 4 5.9e-15 4.5e+01 3.1e-03  1 1.4e+00 9.0e+00 3.8e-03  1
 5 2.3e-15 5.4e+01 3.1e-03  1 2.2e-01 6.0e+00 4.2e-03  1
 6 4.3e-14 6.0e+01 2.8e-03  1 3.6e-15 0.0e+00 4.3e-03  1
Optimality norm: 2.579011e-15 
********************* Iteration  85 ********************
it l1-MinV AddCons LP-TIME ST infCurV NewCons QP-TIME ST
 1 0.0e+00 9.0e+00 2.3e-03  1 2.4e+01 1.8e+01 3.0e-03  1
 2 3.2e-14 2.7e+01 2.7e-03  1 1.4e+01 9.0e+00 4.0e-03  1
 3 3.2e-14 3.6e+01 2.8e-03  1 6.3e+00 9.0e+00 4.3e-03  1
 4 1.4e-15 4.5e+01 3.0e-03  1 1.4e+00 9.0e+00 3.8e-03  1
 5 3.8e-14 5.4e+01 3.0e-03  1 1.2e-01 5.0e+00 4.1e-03  1
 6 4.0e-15 5.9e+01 2.9e-03  1 9.7e-08 1.0e+00 4.1e-03  1
 7 3.6e-14 6.0e+01 2.8e-03  1 9.5e-08 0.0e+00 4.0e-03  1
Optimality norm: 2.006521e-15 
********************* Iteration  86 ********************
it l1-MinV AddCons LP-TIME ST infCurV NewCons QP-TIME ST
 1 0.0e+00 9.0e+00 2.4e-03  1 2.3e+01 1.8e+01 3.0e-03  1
 2 2.9e-14 2.7e+01 2.7e-03  1 1.4e+01 9.0e+00 3.3e-03  1
 3 2.8e-14 3.6e+01 2.8e-03  1 6.3e+00 9.0e+00 3.4e-03  1
 4 3.3e-14 4.5e+01 2.9e-03  1 1.4e+00 9.0e+00 3.7e-03  1
 5 2.9e-14 5.4e+01 2.7e-03  1 1.0e-01 5.0e+00 4.7e-03  1
 6 3.2e-14 5.9e+01 3.1e-03  1 3.6e-15 1.0e+00 3.9e-03  1
 7 3.4e-14 6.0e+01 2.8e-03  1 3.6e-15 0.0e+00 3.8e-03  1
Optimality norm: 1.999893e-15 
********************* Iteration  87 ********************
it l1-MinV AddCons LP-TIME ST infCurV NewCons QP-TIME ST
 1 0.0e+00 9.0e+00 2.4e-03  1 2.3e+01 1.8e+01 2.9e-03  1
 2 4.3e-14 2.7e+01 2.8e-03  1 1.4e+01 9.0e+00 3.2e-03  1
 3 3.6e-14 3.6e+01 3.1e-03  1 6.3e+00 9.0e+00 3.3e-03  1
 4 3.6e-14 4.5e+01 9.7e-03  1 1.4e+00 9.0e+00 4.8e-03  1
 5 4.0e-14 5.4e+01 2.8e-03  1 1.1e-01 5.0e+00 6.0e-03  1
 6 3.3e-14 5.9e+01 3.0e-03  1 3.6e-15 0.0e+00 4.2e-03  1
Optimality norm: 2.000776e-15 
********************* Iteration  88 ********************
it l1-MinV AddCons LP-TIME ST infCurV NewCons QP-TIME ST
 1 0.0e+00 9.0e+00 2.4e-03  1 2.3e+01 1.8e+01 2.9e-03  1
 2 4.7e-14 2.7e+01 2.7e-03  1 1.4e+01 9.0e+00 3.9e-03  1
 3 3.2e-14 3.6e+01 2.9e-03  1 6.3e+00 9.0e+00 3.5e-03  1
 4 9.9e-17 4.5e+01 3.1e-03  1 1.4e+00 9.0e+00 3.7e-03  1
 5 3.9e-16 5.4e+01 3.1e-03  1 2.2e-01 6.0e+00 3.9e-03  1
 6 3.2e-14 6.0e+01 2.9e-03  1 3.6e-15 0.0e+00 4.0e-03  1
Optimality norm: 2.407248e-15 
********************* Iteration  89 ********************
it l1-MinV AddCons LP-TIME ST infCurV NewCons QP-TIME ST
 1 0.0e+00 9.0e+00 3.1e-03  1 2.3e+01 1.8e+01 3.5e-03  1
 2 3.4e-14 2.7e+01 3.1e-03  1 1.4e+01 9.0e+00 5.9e-03  1
 3 3.6e-14 3.6e+01 5.2e-03  1 6.3e+00 9.0e+00 4.7e-03  1
 4 8.5e-15 4.5e+01 3.4e-03  1 1.3e+00 9.0e+00 4.3e-03  1
 5 4.5e-14 5.4e+01 3.6e-03  1 3.8e-02 2.0e+00 4.3e-03  1
 6 5.8e-15 5.6e+01 3.4e-03  1 3.6e-15 0.0e+00 4.9e-03  1
Optimality norm: 1.981454e-15 
********************* Iteration  90 ********************
it l1-MinV AddCons LP-TIME ST infCurV NewCons QP-TIME ST
 1 0.0e+00 9.0e+00 2.6e-03  1 2.3e+01 1.8e+01 3.0e-03  1
 2 3.9e-14 2.7e+01 2.8e-03  1 1.4e+01 9.0e+00 3.5e-03  1
 3 3.2e-14 3.6e+01 5.2e-03  1 6.2e+00 9.0e+00 3.7e-03  1
 4 3.5e-14 4.5e+01 2.9e-03  1 1.4e+00 9.0e+00 3.7e-03  1
 5 4.4e-15 5.4e+01 5.1e-03  1 1.0e-01 7.0e+00 4.0e-03  1
 6 3.2e-14 6.1e+01 2.8e-03  1 3.6e-15 0.0e+00 4.7e-03  1
Optimality norm: 2.589212e-15 
********************* Iteration  91 ********************
it l1-MinV AddCons LP-TIME ST infCurV NewCons QP-TIME ST
 1 0.0e+00 9.0e+00 2.8e-03  1 2.3e+01 1.8e+01 3.7e-03  1
 2 3.2e-14 2.7e+01 3.1e-03  1 1.4e+01 9.0e+00 3.9e-03  1
 3 4.3e-14 3.6e+01 3.3e-03  1 6.3e+00 9.0e+00 4.4e-03  1
 4 3.3e-14 4.5e+01 3.0e-03  1 1.5e+00 9.0e+00 4.0e-03  1
 5 2.3e-15 5.4e+01 3.5e-03  1 1.0e-01 4.0e+00 4.4e-03  1
 6 3.7e-14 5.8e+01 3.4e-03  1 3.6e-15 0.0e+00 4.6e-03  1
Optimality norm: 1.549849e-15 
********************* Iteration  92 ********************
it l1-MinV AddCons LP-TIME ST infCurV NewCons QP-TIME ST
 1 0.0e+00 9.0e+00 3.1e-03  1 2.4e+01 1.8e+01 3.5e-03  1
 2 3.9e-14 2.7e+01 3.1e-03  1 1.4e+01 9.0e+00 3.7e-03  1
 3 3.7e-14 3.6e+01 5.7e-03  1 6.2e+00 9.0e+00 5.9e-03  1
 4 0.0e+00 4.5e+01 3.3e-03  1 1.4e+00 9.0e+00 3.9e-03  1
 5 2.9e-15 5.4e+01 3.4e-03  1 2.3e-01 9.0e+00 4.3e-03  1
 6 4.8e-15 6.3e+01 3.5e-03  1 3.6e-15 0.0e+00 7.3e-03  1
Optimality norm: 1.687197e-15 
********************* Iteration  93 ********************
it l1-MinV AddCons LP-TIME ST infCurV NewCons QP-TIME ST
 1 0.0e+00 9.0e+00 2.4e-03  1 2.3e+01 1.8e+01 4.4e-03  1
 2 3.9e-14 2.7e+01 2.7e-03  1 1.4e+01 9.0e+00 3.6e-03  1
 3 3.6e-14 3.6e+01 2.8e-03  1 6.2e+00 9.0e+00 3.3e-03  1
 4 3.2e-14 4.5e+01 2.8e-03  1 1.3e+00 9.0e+00 3.5e-03  1
 5 3.7e-14 5.4e+01 3.4e-03  1 2.3e-01 9.0e+00 4.0e-03  1
 6 3.7e-14 6.3e+01 3.0e-03  1 1.3e-06 1.0e+00 3.9e-03  1
 7 7.9e-15 6.4e+01 3.3e-03  1 3.6e-15 0.0e+00 4.2e-03  1
Optimality norm: 1.042394e-15 
********************* Iteration  94 ********************
it l1-MinV AddCons LP-TIME ST infCurV NewCons QP-TIME ST
 1 0.0e+00 9.0e+00 2.9e-03  1 2.3e+01 1.8e+01 3.5e-03  1
 2 3.6e-14 2.7e+01 3.1e-03  1 1.4e+01 9.0e+00 4.0e-03  1
 3 4.4e-14 3.6e+01 3.2e-03  1 6.2e+00 9.0e+00 5.3e-03  1
 4 4.3e-14 4.5e+01 3.5e-03  1 1.3e+00 9.0e+00 5.9e-03  1
 5 3.6e-14 5.4e+01 3.3e-03  1 4.5e-02 9.0e+00 4.2e-03  1
 6 3.3e-14 6.3e+01 3.5e-03  1 2.3e-02 2.0e+00 7.3e-03  1
 7 4.0e-14 6.5e+01 3.9e-03  1 7.9e-07 0.0e+00 6.5e-03  1
Optimality norm: 1.219092e-15 
********************* Iteration  95 ********************
it l1-MinV AddCons LP-TIME ST infCurV NewCons QP-TIME ST
 1 0.0e+00 9.0e+00 2.5e-03  1 2.2e+01 1.8e+01 3.4e-03  1
 2 4.6e-14 2.7e+01 2.9e-03  1 1.4e+01 9.0e+00 3.3e-03  1
 3 2.8e-14 3.6e+01 2.8e-03  1 6.2e+00 9.0e+00 6.4e-03  1
 4 2.3e-15 4.5e+01 3.3e-03  1 1.3e+00 9.0e+00 4.4e-03  1
 5 3.0e-14 5.4e+01 3.1e-03  1 4.4e-02 9.0e+00 4.5e-03  1
 6 1.8e-15 6.3e+01 2.9e-03  1 1.5e-06 1.0e+00 4.8e-03  1
 7 3.7e-16 6.4e+01 3.1e-03  1 3.5e-07 0.0e+00 8.1e-03  1
Optimality norm: 5.123980e-15 
********************* Iteration  96 ********************
it l1-MinV AddCons LP-TIME ST infCurV NewCons QP-TIME ST
 1 0.0e+00 9.0e+00 3.2e-03  1 2.2e+01 1.8e+01 6.5e-03  1
 2 3.2e-14 2.7e+01 3.8e-03  1 1.4e+01 9.0e+00 5.8e-03  1
 3 2.9e-14 3.6e+01 4.6e-03  1 6.2e+00 9.0e+00 6.2e-03  1
 4 3.9e-14 4.5e+01 5.0e-03  1 1.3e+00 9.0e+00 4.8e-03  1
 5 5.2e-15 5.4e+01 3.8e-03  1 2.9e-02 8.0e+00 5.2e-03  1
 6 2.9e-14 6.2e+01 5.7e-03  1 8.9e-07 0.0e+00 6.3e-03  1
Optimality norm: 7.892257e-15 
********************* Iteration  97 ********************
it l1-MinV AddCons LP-TIME ST infCurV NewCons QP-TIME ST
 1 0.0e+00 9.0e+00 2.7e-03  1 2.3e+01 1.6e+01 3.8e-03  1
 2 2.5e-14 2.5e+01 4.0e-03  1 1.4e+01 9.0e+00 5.2e-03  1
 3 6.9e-14 3.4e+01 4.0e-03  1 6.2e+00 9.0e+00 4.6e-03  1
 4 2.6e-14 4.3e+01 4.9e-03  1 1.3e+00 9.0e+00 4.5e-03  1
 5 2.9e-14 5.2e+01 4.9e-03  1 6.2e-02 2.0e+00 9.9e-03  1
 6 1.0e-15 5.4e+01 3.2e-03  1 3.6e-15 2.0e+00 5.4e-03  1
 7 5.3e-15 5.6e+01 4.5e-03  1 3.6e-15 0.0e+00 6.4e-03  1
Optimality norm: 1.333741e-14 
********************* Iteration  98 ********************
it l1-MinV AddCons LP-TIME ST infCurV NewCons QP-TIME ST
 1 0.0e+00 9.0e+00 3.0e-03  1 2.2e+01 1.8e+01 5.9e-03  1
 2 3.7e-14 2.7e+01 2.9e-03  1 1.4e+01 9.0e+00 3.5e-03  1
 3 3.2e-14 3.6e+01 3.3e-03  1 6.2e+00 9.0e+00 4.1e-03  1
 4 4.0e-14 4.5e+01 3.3e-03  1 1.3e+00 9.0e+00 4.1e-03  1
 5 4.4e-14 5.4e+01 3.3e-03  1 1.9e-02 9.0e+00 4.3e-03  1
 6 2.4e-16 6.3e+01 3.4e-03  1 3.6e-15 0.0e+00 5.6e-03  1
Optimality norm: 6.350014e-15 
********************* Iteration  99 ********************
it l1-MinV AddCons LP-TIME ST infCurV NewCons QP-TIME ST
 1 0.0e+00 9.0e+00 2.7e-03  1 2.2e+01 1.8e+01 3.8e-03  1
 2 3.2e-14 2.7e+01 3.5e-03  1 1.4e+01 9.0e+00 3.6e-03  1
 3 3.2e-14 3.6e+01 5.2e-03  1 6.1e+00 9.0e+00 4.3e-03  1
 4 3.5e-14 4.5e+01 3.3e-03  1 1.3e+00 9.0e+00 4.2e-03  1
 5 3.8e-14 5.4e+01 5.2e-03  1 2.1e-02 8.0e+00 4.6e-03  1
 6 3.8e-15 6.2e+01 5.3e-03  1 3.6e-15 0.0e+00 5.2e-03  1
Optimality norm: 8.690827e-15 
********************* Iteration 100 ********************
it l1-MinV AddCons LP-TIME ST infCurV NewCons QP-TIME ST
 1 0.0e+00 9.0e+00 2.4e-03  1 2.2e+01 1.8e+01 3.4e-03  1
 2 3.7e-14 2.7e+01 2.7e-03  1 1.4e+01 9.0e+00 3.5e-03  1
 3 3.2e-14 3.6e+01 2.9e-03  1 6.2e+00 9.0e+00 3.2e-03  1
 4 5.4e-15 4.5e+01 4.4e-03  1 1.3e+00 9.0e+00 4.0e-03  1
 5 3.4e-14 5.4e+01 3.0e-03  1 2.9e-02 7.0e+00 4.3e-03  1
 6 3.2e-14 6.1e+01 2.9e-03  1 3.6e-15 0.0e+00 5.5e-03  1
Optimality norm: 2.732385e-15 
********************* Iteration 101 ********************
it l1-MinV AddCons LP-TIME ST infCurV NewCons QP-TIME ST
 1 0.0e+00 9.0e+00 2.7e-03  1 2.2e+01 1.8e+01 3.7e-03  1
 2 3.8e-14 2.7e+01 4.9e-03  1 1.4e+01 9.0e+00 3.9e-03  1
 3 3.6e-14 3.6e+01 3.1e-03  1 6.2e+00 9.0e+00 3.8e-03  1
 4 4.0e-14 4.5e+01 3.5e-03  1 1.3e+00 9.0e+00 5.9e-03  1
 5 3.7e-14 5.4e+01 3.7e-03  1 2.7e-02 2.0e+00 5.8e-03  1
 6 1.6e-15 5.6e+01 3.9e-03  1 3.6e-15 0.0e+00 4.7e-03  1
Optimality norm: 6.042685e-15 
********************* Iteration 102 ********************
it l1-MinV AddCons LP-TIME ST infCurV NewCons QP-TIME ST
 1 0.0e+00 9.0e+00 2.4e-03  1 2.2e+01 1.8e+01 3.0e-03  1
 2 5.3e-14 2.7e+01 2.7e-03  1 1.4e+01 9.0e+00 3.6e-03  1
 3 3.7e-14 3.6e+01 2.7e-03  1 6.2e+00 9.0e+00 3.3e-03  1
 4 4.4e-15 4.5e+01 3.0e-03  1 1.3e+00 9.0e+00 5.5e-03  1
 5 3.2e-14 5.4e+01 2.9e-03  1 2.3e-02 7.0e+00 3.7e-03  1
 6 3.2e-14 6.1e+01 2.9e-03  1 7.3e-07 0.0e+00 4.0e-03  1
Optimality norm: 1.007731e-14 
********************* Iteration 103 ********************
it l1-MinV AddCons LP-TIME ST infCurV NewCons QP-TIME ST
 1 0.0e+00 9.0e+00 3.1e-03  1 2.3e+01 1.8e+01 2.9e-03  1
 2 3.7e-14 2.7e+01 2.7e-03  1 1.4e+01 9.0e+00 3.5e-03  1
 3 3.1e-14 3.6e+01 2.9e-03  1 6.1e+00 9.0e+00 3.4e-03  1
 4 3.2e-14 4.5e+01 2.9e-03  1 1.3e+00 9.0e+00 3.6e-03  1
 5 3.0e-14 5.4e+01 2.9e-03  1 2.8e-02 5.0e+00 3.7e-03  1
 6 2.9e-14 5.9e+01 2.9e-03  1 3.6e-15 1.0e+00 4.2e-03  1
 7 3.9e-14 6.0e+01 2.9e-03  1 3.0e-07 0.0e+00 4.0e-03  1
Optimality norm: 1.241524e-15 
********************* Iteration 104 ********************
it l1-MinV AddCons LP-TIME ST infCurV NewCons QP-TIME ST
 1 0.0e+00 9.0e+00 4.3e-03  1 2.3e+01 1.8e+01 6.0e-03  1
 2 2.9e-14 2.7e+01 2.9e-03  1 1.4e+01 9.0e+00 4.0e-03  1
 3 2.8e-14 3.6e+01 3.1e-03  1 6.1e+00 9.0e+00 4.3e-03  1
 4 2.8e-15 4.5e+01 4.2e-03  1 1.3e+00 9.0e+00 5.3e-03  1
 5 3.0e-14 5.4e+01 4.2e-03  1 3.6e-02 2.0e+00 6.1e-03  1
 6 3.2e-14 5.6e+01 3.7e-03  1 3.6e-15 1.0e+00 4.6e-03  1
 7 3.3e-14 5.7e+01 3.9e-03  1 3.6e-15 0.0e+00 5.3e-03  1
Optimality norm: 1.638865e-15 
********************* Iteration 105 ********************
it l1-MinV AddCons LP-TIME ST infCurV NewCons QP-TIME ST
 1 0.0e+00 9.0e+00 4.5e-03  1 2.3e+01 1.8e+01 6.9e-03  1
 2 4.3e-14 2.7e+01 2.9e-03  1 1.4e+01 9.0e+00 5.1e-03  1
 3 3.2e-14 3.6e+01 4.4e-03  1 6.1e+00 9.0e+00 4.1e-03  1
 4 7.9e-15 4.5e+01 4.8e-03  1 1.5e+00 9.0e+00 4.8e-03  1
 5 1.0e-16 5.4e+01 3.5e-03  1 5.0e-01 6.0e+00 5.1e-03  1
 6 3.3e-14 6.0e+01 4.2e-03  1 3.6e-15 0.0e+00 5.5e-03  1
Optimality norm: 2.730992e-15 
********************* Iteration 106 ********************
it l1-MinV AddCons LP-TIME ST infCurV NewCons QP-TIME ST
 1 0.0e+00 9.0e+00 3.2e-03  1 2.3e+01 1.8e+01 4.7e-03  1
 2 4.6e-14 2.7e+01 6.2e-03  1 1.4e+01 9.0e+00 6.2e-03  1
 3 3.3e-14 3.6e+01 3.4e-03  1 6.1e+00 9.0e+00 4.0e-03  1
 4 8.3e-17 4.5e+01 3.5e-03  1 1.5e+00 9.0e+00 4.5e-03  1
 5 4.7e-15 5.4e+01 3.3e-03  1 5.1e-01 6.0e+00 5.3e-03  1
 6 3.7e-14 6.0e+01 3.2e-03  1 3.6e-15 0.0e+00 4.4e-03  1
Optimality norm: 8.778541e-16 
********************* Iteration 107 ********************
it l1-MinV AddCons LP-TIME ST infCurV NewCons QP-TIME ST
 1 0.0e+00 9.0e+00 4.4e-03  1 2.3e+01 1.8e+01 4.2e-03  1
 2 5.4e-14 2.7e+01 3.8e-03  1 1.4e+01 9.0e+00 3.8e-03  1
 3 6.2e-14 3.6e+01 5.2e-03  1 6.1e+00 9.0e+00 4.6e-03  1
 4 3.2e-14 4.5e+01 4.0e-03  1 1.5e+00 9.0e+00 6.1e-03  1
 5 3.6e-14 5.4e+01 3.5e-03  1 5.1e-01 6.0e+00 4.7e-03  1
 6 3.2e-14 6.0e+01 3.4e-03  1 3.6e-15 0.0e+00 4.6e-03  1
Optimality norm: 8.920258e-16 
********************* Iteration 108 ********************
it l1-MinV AddCons LP-TIME ST infCurV NewCons QP-TIME ST
 1 0.0e+00 9.0e+00 3.9e-03  1 2.3e+01 1.8e+01 8.7e-03  1
 2 3.3e-14 2.7e+01 2.9e-03  1 1.4e+01 9.0e+00 4.1e-03  1
 3 3.2e-14 3.6e+01 3.3e-03  1 6.1e+00 9.0e+00 4.3e-03  1
 4 3.3e-14 4.5e+01 5.9e-03  1 1.5e+00 9.0e+00 5.0e-03  1
 5 2.5e-15 5.4e+01 3.4e-03  1 5.1e-01 6.0e+00 6.1e-03  1
 6 3.3e-14 6.0e+01 4.6e-03  1 3.6e-15 0.0e+00 8.4e-03  1
Optimality norm: 1.129457e-14 
********************* Iteration 109 ********************
it l1-MinV AddCons LP-TIME ST infCurV NewCons QP-TIME ST
 1 0.0e+00 9.0e+00 4.3e-03  1 2.3e+01 1.8e+01 5.3e-03  1
 2 3.2e-14 2.7e+01 3.4e-03  1 1.4e+01 9.0e+00 4.2e-03  1
 3 3.4e-14 3.6e+01 3.1e-03  1 6.1e+00 9.0e+00 4.8e-03  1
 4 3.6e-14 4.5e+01 4.1e-03  1 1.5e+00 9.0e+00 4.8e-03  1
 5 7.2e-16 5.4e+01 5.2e-03  1 5.1e-01 6.0e+00 5.1e-03  1
 6 3.6e-14 6.0e+01 1.1e-02  1 3.6e-15 0.0e+00 5.7e-03  1
Optimality norm: 1.656912e-14 
********************* Iteration 110 ********************
it l1-MinV AddCons LP-TIME ST infCurV NewCons QP-TIME ST
 1 0.0e+00 9.0e+00 5.8e-03  1 2.3e+01 1.8e+01 5.8e-03  1
 2 5.0e-14 2.7e+01 3.5e-03  1 1.4e+01 9.0e+00 6.0e-03  1
 3 3.2e-14 3.6e+01 3.1e-03  1 6.1e+00 9.0e+00 4.0e-03  1
 4 3.7e-14 4.5e+01 4.1e-03  1 1.5e+00 9.0e+00 5.2e-03  1
 5 5.9e-15 5.4e+01 4.2e-03  1 5.1e-01 6.0e+00 5.6e-03  1
 6 4.6e-14 6.0e+01 4.1e-03  1 3.6e-15 0.0e+00 6.0e-03  1
Optimality norm: 1.045963e-14 
********************* Iteration 111 ********************
it l1-MinV AddCons LP-TIME ST infCurV NewCons QP-TIME ST
 1 0.0e+00 9.0e+00 4.3e-03  1 2.3e+01 1.8e+01 5.5e-03  1
 2 3.3e-14 2.7e+01 3.1e-03  1 1.4e+01 9.0e+00 4.1e-03  1
 3 3.2e-14 3.6e+01 3.1e-03  1 6.1e+00 9.0e+00 4.7e-03  1
 4 1.2e-15 4.5e+01 4.3e-03  1 1.5e+00 9.0e+00 4.6e-03  1
 5 1.8e-15 5.4e+01 3.6e-03  1 5.0e-01 6.0e+00 4.9e-03  1
 6 3.6e-14 6.0e+01 3.6e-03  1 1.0e-05 1.0e+00 4.9e-03  1
 7 3.2e-14 6.1e+01 3.2e-03  1 3.6e-15 0.0e+00 4.3e-03  1
Optimality norm: 8.980809e-15 
********************* Iteration 112 ********************
it l1-MinV AddCons LP-TIME ST infCurV NewCons QP-TIME ST
 1 0.0e+00 9.0e+00 3.3e-03  1 2.3e+01 1.8e+01 5.9e-03  1
 2 3.6e-14 2.7e+01 4.7e-03  1 1.4e+01 9.0e+00 5.9e-03  1
 3 3.3e-14 3.6e+01 3.3e-03  1 6.1e+00 9.0e+00 4.7e-03  1
 4 4.1e-16 4.5e+01 4.9e-03  1 1.5e+00 9.0e+00 4.6e-03  1
 5 8.4e-15 5.4e+01 3.6e-03  1 4.9e-01 6.0e+00 4.9e-03  1
 6 3.2e-14 6.0e+01 4.2e-03  1 9.8e-06 1.0e+00 4.3e-03  1
 7 3.6e-14 6.1e+01 4.8e-03  1 3.6e-15 0.0e+00 6.6e-03  1
Optimality norm: 6.785612e-15 
********************* Iteration 113 ********************
it l1-MinV AddCons LP-TIME ST infCurV NewCons QP-TIME ST
 1 0.0e+00 9.0e+00 2.6e-03  1 2.4e+01 1.8e+01 5.0e-03  1
 2 5.1e-14 2.7e+01 3.9e-03  1 1.4e+01 9.0e+00 4.1e-03  1
 3 3.6e-14 3.6e+01 3.4e-03  1 6.1e+00 9.0e+00 4.3e-03  1
 4 1.6e-16 4.5e+01 3.9e-03  1 1.5e+00 9.0e+00 7.0e-03  1
 5 3.4e-14 5.4e+01 3.6e-03  1 4.9e-01 6.0e+00 1.3e-02  1
 6 3.2e-14 6.0e+01 3.5e-03  1 1.1e-05 1.0e+00 4.7e-03  1
 7 3.2e-14 6.1e+01 3.2e-03  1 3.6e-15 0.0e+00 4.4e-03  1
Optimality norm: 1.281712e-15 
********************* Iteration 114 ********************
it l1-MinV AddCons LP-TIME ST infCurV NewCons QP-TIME ST
 1 0.0e+00 9.0e+00 5.7e-03  1 2.4e+01 1.8e+01 5.5e-03  1
 2 3.7e-14 2.7e+01 3.9e-03  1 1.4e+01 9.0e+00 4.5e-03  1
 3 3.2e-14 3.6e+01 5.7e-03  1 6.1e+00 9.0e+00 4.7e-03  1
 4 3.4e-14 4.5e+01 3.5e-03  1 1.5e+00 9.0e+00 4.1e-03  1
 5 3.6e-14 5.4e+01 4.0e-03  1 4.9e-01 6.0e+00 6.1e-03  1
 6 3.2e-14 6.0e+01 1.2e-02  1 3.6e-15 0.0e+00 7.0e-03  1
Optimality norm: 1.227011e-15 
********************* Iteration 115 ********************
it l1-MinV AddCons LP-TIME ST infCurV NewCons QP-TIME ST
 1 0.0e+00 9.0e+00 2.8e-03  1 2.4e+01 1.8e+01 3.7e-03  1
 2 3.2e-14 2.7e+01 3.8e-03  1 1.4e+01 9.0e+00 5.4e-03  1
 3 3.2e-14 3.6e+01 3.2e-03  1 6.1e+00 9.0e+00 4.1e-03  1
 4 3.9e-15 4.5e+01 4.7e-03  1 1.5e+00 9.0e+00 4.4e-03  1
 5 3.3e-14 5.4e+01 4.1e-03  1 4.9e-01 6.0e+00 6.1e-03  1
 6 3.3e-14 6.0e+01 3.2e-03  1 3.6e-15 0.0e+00 4.6e-03  1
Optimality norm: 2.043099e-15 
********************* Iteration 116 ********************
it l1-MinV AddCons LP-TIME ST infCurV NewCons QP-TIME ST
 1 0.0e+00 9.0e+00 4.6e-03  1 2.4e+01 1.8e+01 5.2e-03  1
 2 3.6e-14 2.7e+01 3.9e-03  1 1.4e+01 9.0e+00 3.9e-03  1
 3 3.6e-14 3.6e+01 3.2e-03  1 6.1e+00 9.0e+00 4.8e-03  1
 4 4.3e-14 4.5e+01 6.0e-03  1 1.5e+00 9.0e+00 4.4e-03  1
 5 3.4e-14 5.4e+01 3.0e-03  1 4.9e-01 6.0e+00 4.5e-03  1
 6 3.2e-14 6.0e+01 6.0e-03  1 3.6e-15 0.0e+00 4.4e-03  1
Optimality norm: 1.155892e-15 
********************* Iteration 117 ********************
it l1-MinV AddCons LP-TIME ST infCurV NewCons QP-TIME ST
 1 0.0e+00 9.0e+00 4.3e-03  1 2.4e+01 1.8e+01 6.3e-03  1
 2 5.1e-14 2.7e+01 3.1e-03  1 1.4e+01 9.0e+00 3.8e-03  1
 3 3.6e-14 3.6e+01 5.2e-03  1 6.1e+00 9.0e+00 4.6e-03  1
 4 3.0e-15 4.5e+01 4.1e-03  1 1.5e+00 9.0e+00 4.5e-03  1
 5 3.6e-14 5.4e+01 3.1e-03  1 4.9e-01 6.0e+00 4.4e-03  1
 6 3.2e-14 6.0e+01 5.5e-03  1 3.6e-15 0.0e+00 6.2e-03  1
Optimality norm: 2.317043e-15 
********************* Iteration 118 ********************
it l1-MinV AddCons LP-TIME ST infCurV NewCons QP-TIME ST
 1 0.0e+00 9.0e+00 2.7e-03  1 2.4e+01 1.8e+01 6.9e-03  1
 2 3.6e-14 2.7e+01 3.9e-03  1 1.4e+01 9.0e+00 4.6e-03  1
 3 3.8e-14 3.6e+01 3.4e-03  1 6.1e+00 9.0e+00 1.9e-02  1
 4 3.2e-14 4.5e+01 3.6e-03  1 1.5e+00 9.0e+00 4.3e-03  1
 5 1.3e-15 5.4e+01 3.3e-03  1 4.9e-01 6.0e+00 5.7e-03  1
 6 3.2e-14 6.0e+01 4.2e-03  1 3.6e-15 0.0e+00 5.8e-03  1
Optimality norm: 1.119917e-15 
********************* Iteration 119 ********************
it l1-MinV AddCons LP-TIME ST infCurV NewCons QP-TIME ST
 1 0.0e+00 9.0e+00 2.8e-03  1 2.4e+01 1.8e+01 6.3e-03  1
 2 6.1e-14 2.7e+01 7.4e-03  1 1.4e+01 9.0e+00 6.2e-03  1
 3 3.6e-14 3.6e+01 3.2e-03  1 6.1e+00 9.0e+00 4.0e-03  1
 4 3.4e-14 4.5e+01 3.3e-03  1 1.5e+00 9.0e+00 4.1e-03  1
 5 3.6e-15 5.4e+01 3.5e-03  1 4.9e-01 6.0e+00 6.0e-03  1
 6 3.6e-14 6.0e+01 3.1e-03  1 3.6e-15 0.0e+00 4.3e-03  1
Optimality norm: 9.129196e-16 
********************* Iteration 120 ********************
it l1-MinV AddCons LP-TIME ST infCurV NewCons QP-TIME ST
 1 0.0e+00 9.0e+00 3.6e-03  1 2.4e+01 1.8e+01 3.4e-03  1
 2 4.6e-14 2.7e+01 5.7e-03  1 1.4e+01 9.0e+00 4.6e-03  1
 3 3.6e-14 3.6e+01 3.6e-03  1 6.1e+00 9.0e+00 6.7e-03  1
 4 0.0e+00 4.5e+01 3.6e-03  1 1.5e+00 9.0e+00 4.2e-03  1
 5 3.5e-14 5.4e+01 3.2e-03  1 4.9e-01 6.0e+00 5.9e-03  1
 6 3.3e-14 6.0e+01 6.6e-03  1 3.6e-15 0.0e+00 5.1e-03  1
Optimality norm: 1.326105e-15 
********************* Iteration 121 ********************
it l1-MinV AddCons LP-TIME ST infCurV NewCons QP-TIME ST
 1 0.0e+00 9.0e+00 4.3e-03  1 2.4e+01 1.8e+01 4.3e-03  1
 2 4.6e-14 2.7e+01 2.9e-03  1 1.4e+01 9.0e+00 3.9e-03  1
 3 4.0e-14 3.6e+01 3.4e-03  1 6.1e+00 9.0e+00 4.1e-03  1
 4 5.1e-15 4.5e+01 3.5e-03  1 1.5e+00 9.0e+00 4.7e-03  1
 5 3.6e-14 5.4e+01 6.0e-03  1 4.9e-01 6.0e+00 5.3e-03  1
 6 3.2e-14 6.0e+01 3.3e-03  1 3.6e-15 0.0e+00 4.3e-03  1
Optimality norm: 1.057767e-15 
********************* Iteration 122 ********************
it l1-MinV AddCons LP-TIME ST infCurV NewCons QP-TIME ST
 1 0.0e+00 9.0e+00 4.0e-03  1 2.4e+01 1.8e+01 5.5e-03  1
 2 7.2e-14 2.7e+01 3.0e-03  1 1.4e+01 9.0e+00 7.5e-03  1
 3 3.9e-14 3.6e+01 3.3e-03  1 6.1e+00 9.0e+00 3.8e-03  1
 4 1.2e-15 4.5e+01 3.3e-03  1 1.5e+00 9.0e+00 4.7e-03  1
 5 3.7e-14 5.4e+01 3.1e-03  1 4.9e-01 6.0e+00 6.2e-03  1
 6 3.2e-14 6.0e+01 3.1e-03  1 3.6e-15 0.0e+00 4.2e-03  1
Optimality norm: 2.344090e-15 
********************* Iteration 123 ********************
it l1-MinV AddCons LP-TIME ST infCurV NewCons QP-TIME ST
 1 0.0e+00 9.0e+00 4.7e-03  1 2.3e+01 1.2e+01 4.3e-03  1
 2 3.4e-14 2.1e+01 3.2e-03  1 1.4e+01 9.0e+00 5.0e-03  1
 3 4.6e-14 3.0e+01 3.0e-03  1 6.1e+00 9.0e+00 4.2e-03  1
 4 0.0e+00 3.9e+01 3.3e-03  1 1.5e+00 9.0e+00 4.6e-03  1
 5 3.3e-14 4.8e+01 3.0e-03  1 4.9e-01 6.0e+00 4.1e-03  1
 6 3.2e-14 5.4e+01 4.5e-03  1 3.6e-15 0.0e+00 8.4e-03  1
Optimality norm: 6.097399e-16 
********************* Iteration 124 ********************
it l1-MinV AddCons LP-TIME ST infCurV NewCons QP-TIME ST
 1 0.0e+00 9.0e+00 3.9e-03  1 2.4e+01 1.8e+01 5.8e-03  1
 2 3.2e-14 2.7e+01 5.1e-03  1 1.4e+01 9.0e+00 6.7e-03  1
 3 3.9e-14 3.6e+01 3.3e-03  1 6.0e+00 9.0e+00 6.8e-03  1
 4 4.2e-17 4.5e+01 4.9e-03  1 1.5e+00 9.0e+00 5.9e-03  1
 5 3.6e-14 5.4e+01 3.8e-03  1 4.8e-01 6.0e+00 5.7e-03  1
 6 3.2e-14 6.0e+01 3.3e-03  1 3.6e-15 0.0e+00 4.8e-03  1
Optimality norm: 2.037175e-15 
********************* Iteration 125 ********************
it l1-MinV AddCons LP-TIME ST infCurV NewCons QP-TIME ST
 1 0.0e+00 9.0e+00 3.5e-03  1 2.4e+01 1.8e+01 8.2e-03  1
 2 6.4e-14 2.7e+01 1.7e-02  1 1.4e+01 9.0e+00 1.1e-02  1
 3 3.3e-14 3.6e+01 3.4e-03  1 6.0e+00 9.0e+00 6.4e-03  1
 4 2.4e-15 4.5e+01 3.4e-03  1 1.5e+00 9.0e+00 4.5e-03  1
 5 3.8e-14 5.4e+01 3.1e-03  1 4.9e-01 6.0e+00 4.9e-03  1
 6 3.3e-14 6.0e+01 4.3e-03  1 3.6e-15 0.0e+00 6.6e-03  1
Optimality norm: 1.894607e-15 
********************* Iteration 126 ********************
it l1-MinV AddCons LP-TIME ST infCurV NewCons QP-TIME ST
 1 0.0e+00 9.0e+00 3.4e-03  1 2.9e+01 1.8e+01 4.9e-03  1
 2 3.7e-14 2.7e+01 3.8e-03  1 1.4e+01 9.0e+00 4.8e-03  1
 3 3.2e-14 3.6e+01 3.3e-03  1 6.0e+00 9.0e+00 4.1e-03  1
 4 9.4e-16 4.5e+01 4.5e-03  1 1.5e+00 9.0e+00 8.3e-03  1
 5 3.3e-14 5.4e+01 3.8e-03  1 4.9e-01 6.0e+00 8.3e-03  1
 6 3.7e-14 6.0e+01 3.2e-03  1 3.6e-15 0.0e+00 4.9e-03  1
Optimality norm: 4.890905e-16 
********************* Iteration 127 ********************
it l1-MinV AddCons LP-TIME ST infCurV NewCons QP-TIME ST
 1 0.0e+00 9.0e+00 4.8e-03  1 2.3e+01 1.8e+01 4.8e-03  1
 2 4.3e-14 2.7e+01 3.8e-03  1 1.4e+01 9.0e+00 3.9e-03  1
 3 3.6e-14 3.6e+01 3.3e-03  1 6.0e+00 9.0e+00 4.3e-03  1
 4 3.6e-15 4.5e+01 5.4e-03  1 1.5e+00 9.0e+00 5.2e-03  1
 5 3.3e-14 5.4e+01 3.7e-03  1 4.9e-01 6.0e+00 4.0e-03  1
 6 3.2e-14 6.0e+01 3.3e-03  1 3.6e-15 0.0e+00 4.5e-03  1
Optimality norm: 1.342373e-15 
********************* Iteration 128 ********************
it l1-MinV AddCons LP-TIME ST infCurV NewCons QP-TIME ST
 1 0.0e+00 9.0e+00 5.8e-03  1 2.3e+01 1.6e+01 4.4e-03  1
 2 4.6e-14 2.5e+01 2.9e-03  1 1.4e+01 9.0e+00 4.2e-03  1
 3 3.8e-14 3.4e+01 3.1e-03  1 6.0e+00 9.0e+00 4.4e-03  1
 4 3.3e-14 4.3e+01 3.7e-03  1 1.5e+00 9.0e+00 4.9e-03  1
 5 3.8e-14 5.2e+01 3.1e-03  1 4.9e-01 6.0e+00 4.8e-03  1
 6 3.6e-14 5.8e+01 3.1e-03  1 3.6e-15 0.0e+00 4.9e-03  1
Optimality norm: 9.400473e-16 
********************* Iteration 129 ********************
it l1-MinV AddCons LP-TIME ST infCurV NewCons QP-TIME ST
 1 0.0e+00 9.0e+00 2.7e-03  1 2.3e+01 1.8e+01 5.9e-03  1
 2 4.0e-14 2.7e+01 3.0e-03  1 1.4e+01 9.0e+00 4.0e-03  1
 3 3.3e-14 3.6e+01 4.2e-03  1 6.1e+00 9.0e+00 4.4e-03  1
 4 3.4e-14 4.5e+01 6.1e-03  1 1.5e+00 9.0e+00 4.6e-03  1
 5 3.6e-14 5.4e+01 3.4e-03  1 4.9e-01 6.0e+00 4.3e-03  1
 6 3.6e-14 6.0e+01 3.3e-03  1 3.6e-08 1.0e+00 4.9e-03  1
 7 3.6e-14 6.1e+01 3.2e-03  1 3.4e-08 0.0e+00 4.6e-03  1
Optimality norm: 1.996722e-15 
********************* Iteration 130 ********************
it l1-MinV AddCons LP-TIME ST infCurV NewCons QP-TIME ST
 1 0.0e+00 9.0e+00 3.3e-03  1 2.3e+01 1.8e+01 4.8e-03  1
 2 6.0e-14 2.7e+01 5.1e-03  1 1.4e+01 9.0e+00 6.8e-03  1
 3 3.2e-14 3.6e+01 3.0e-03  1 6.1e+00 9.0e+00 3.9e-03  1
 4 3.4e-14 4.5e+01 3.7e-03  1 1.5e+00 9.0e+00 4.7e-03  1
 5 3.0e-14 5.4e+01 3.0e-03  1 4.8e-01 7.0e+00 4.4e-03  1
 6 3.0e-14 6.1e+01 4.1e-03  1 3.6e-15 1.0e+00 5.5e-03  1
 7 2.9e-15 6.2e+01 3.4e-03  1 3.6e-15 0.0e+00 4.3e-03  1
Optimality norm: 6.070863e-16 
********************* Iteration 131 ********************
it l1-MinV AddCons LP-TIME ST infCurV NewCons QP-TIME ST
 1 0.0e+00 9.0e+00 3.5e-03  1 2.3e+01 1.8e+01 4.2e-03  1
 2 3.3e-14 2.7e+01 4.4e-03  1 1.4e+01 9.0e+00 4.4e-03  1
 3 4.0e-14 3.6e+01 4.1e-03  1 6.1e+00 9.0e+00 3.8e-03  1
 4 4.4e-15 4.5e+01 4.7e-03  1 1.5e+00 9.0e+00 5.4e-03  1
 5 9.2e-16 5.4e+01 3.3e-03  1 4.8e-01 7.0e+00 4.7e-03  1
 6 3.6e-14 6.1e+01 3.6e-03  1 3.6e-15 0.0e+00 4.5e-03  1
Optimality norm: 6.975854e-16 
********************* Iteration 132 ********************
it l1-MinV AddCons LP-TIME ST infCurV NewCons QP-TIME ST
 1 0.0e+00 9.0e+00 4.5e-03  1 2.3e+01 1.8e+01 5.3e-03  1
 2 4.0e-14 2.7e+01 3.9e-03  1 1.4e+01 9.0e+00 4.4e-03  1
 3 3.7e-14 3.6e+01 3.2e-03  1 6.1e+00 9.0e+00 4.0e-03  1
 4 3.2e-14 4.5e+01 3.4e-03  1 1.5e+00 9.0e+00 4.1e-03  1
 5 3.3e-14 5.4e+01 3.2e-03  1 4.8e-01 7.0e+00 5.1e-03  1
 6 3.3e-14 6.1e+01 9.0e-03  1 2.2e-07 0.0e+00 6.9e-03  1
Optimality norm: 1.707653e-15 
********************* Iteration 133 ********************
it l1-MinV AddCons LP-TIME ST infCurV NewCons QP-TIME ST
 1 0.0e+00 9.0e+00 3.5e-03  1 2.3e+01 1.8e+01 4.5e-03  1
 2 4.4e-14 2.7e+01 3.3e-03  1 1.4e+01 9.0e+00 4.0e-03  1
 3 2.9e-14 3.6e+01 4.7e-03  1 6.1e+00 9.0e+00 3.8e-03  1
 4 2.9e-14 4.5e+01 3.4e-03  1 1.3e+00 9.0e+00 4.9e-03  1
 5 5.1e-14 5.4e+01 3.5e-03  1 3.5e-02 2.0e+00 4.6e-03  1
 6 1.1e-15 5.6e+01 4.5e-03  1 3.6e-15 1.0e+00 7.6e-03  1
 7 3.2e-14 5.7e+01 3.2e-03  1 3.6e-15 0.0e+00 4.3e-03  1
Optimality norm: 1.043658e-15 
********************* Iteration 134 ********************
it l1-MinV AddCons LP-TIME ST infCurV NewCons QP-TIME ST
 1 0.0e+00 9.0e+00 3.7e-03  1 2.3e+01 1.8e+01 5.2e-03  1
 2 3.6e-14 2.7e+01 3.7e-03  1 1.4e+01 9.0e+00 4.5e-03  1
 3 3.8e-14 3.6e+01 3.2e-03  1 6.0e+00 9.0e+00 4.4e-03  1
 4 1.6e-15 4.5e+01 3.6e-03  1 1.3e+00 9.0e+00 4.7e-03  1
 5 3.2e-14 5.4e+01 3.3e-03  1 4.1e-02 2.0e+00 4.3e-03  1
 6 1.3e-15 5.6e+01 3.5e-03  1 3.6e-15 0.0e+00 4.5e-03  1
Optimality norm: 2.074640e-15 
********************* Iteration 135 ********************
it l1-MinV AddCons LP-TIME ST infCurV NewCons QP-TIME ST
 1 0.0e+00 9.0e+00 3.9e-03  1 2.3e+01 1.8e+01 3.5e-03  1
 2 3.3e-14 2.7e+01 3.0e-03  1 1.3e+01 9.0e+00 5.1e-03  1
 3 3.5e-14 3.6e+01 4.6e-03  1 5.2e+00 9.0e+00 5.3e-03  1
 4 3.5e-14 4.5e+01 3.6e-03  1 1.5e+00 9.0e+00 8.2e-03  1
 5 2.0e-14 5.4e+01 4.2e-03  1 4.8e-01 6.0e+00 6.1e-03  1
 6 3.6e-14 6.0e+01 3.4e-03  1 3.6e-15 0.0e+00 5.2e-03  1
Optimality norm: 6.885082e-16 
********************* Iteration 136 ********************
it l1-MinV AddCons LP-TIME ST infCurV NewCons QP-TIME ST
 1 0.0e+00 9.0e+00 4.0e-03  1 2.3e+01 1.8e+01 5.3e-03  1
 2 3.2e-14 2.7e+01 3.0e-03  1 1.3e+01 9.0e+00 4.7e-03  1
 3 3.2e-14 3.6e+01 3.3e-03  1 5.2e+00 9.0e+00 3.9e-03  1
 4 4.2e-14 4.5e+01 3.3e-03  1 1.5e+00 9.0e+00 4.5e-03  1
 5 3.4e-14 5.4e+01 5.3e-03  1 4.8e-01 6.0e+00 5.0e-03  1
 6 3.6e-14 6.0e+01 3.2e-03  1 3.6e-15 0.0e+00 5.7e-03  1
Optimality norm: 1.170426e-15 
********************* Iteration 137 ********************
it l1-MinV AddCons LP-TIME ST infCurV NewCons QP-TIME ST
 1 0.0e+00 9.0e+00 5.2e-03  1 2.3e+01 1.1e+01 4.4e-03  1
 2 4.6e-14 2.0e+01 4.4e-03  1 1.3e+01 9.0e+00 3.6e-03  1
 3 3.2e-14 2.9e+01 4.1e-03  1 4.0e+00 9.0e+00 4.6e-03  1
 4 2.2e-15 3.8e+01 4.1e-03  1 1.3e+00 9.0e+00 4.6e-03  1
 5 3.3e-14 4.7e+01 3.2e-03  1 3.9e-02 2.0e+00 5.0e-03  1
 6 1.4e-15 4.9e+01 4.3e-03  1 3.6e-15 0.0e+00 4.4e-03  1
Optimality norm: 1.517289e-15 
********************* Iteration 138 ********************
it l1-MinV AddCons LP-TIME ST infCurV NewCons QP-TIME ST
 1 0.0e+00 9.0e+00 4.2e-03  1 2.3e+01 1.8e+01 5.4e-03  1
 2 3.2e-14 2.7e+01 2.9e-03  1 1.3e+01 1.1e+01 3.8e-03  1
 3 4.1e-14 3.8e+01 3.1e-03  1 4.3e+00 9.0e+00 4.3e-03  1
 4 3.2e-15 4.7e+01 3.2e-03  1 1.3e+00 9.0e+00 4.8e-03  1
 5 3.5e-14 5.6e+01 3.9e-03  1 3.8e-02 2.0e+00 5.6e-03  1
 6 3.3e-14 5.8e+01 3.8e-03  1 3.6e-15 0.0e+00 6.2e-03  1
Optimality norm: 7.251647e-16 
********************* Iteration 139 ********************
it l1-MinV AddCons LP-TIME ST infCurV NewCons QP-TIME ST
 1 0.0e+00 9.0e+00 3.8e-03  1 2.3e+01 1.8e+01 5.2e-03  1
 2 3.2e-14 2.7e+01 3.3e-03  1 1.3e+01 1.3e+01 4.0e-03  1
 3 9.5e-16 4.0e+01 3.3e-03  1 4.4e+00 9.0e+00 6.3e-03  1
 4 6.7e-15 4.9e+01 3.8e-03  1 1.3e+00 9.0e+00 5.8e-03  1
 5 3.9e-14 5.8e+01 4.8e-03  1 3.8e-02 2.0e+00 5.4e-03  1
 6 3.4e-14 6.0e+01 4.3e-03  1 3.6e-15 0.0e+00 6.0e-03  1
Optimality norm: 1.386753e-15 
********************* Iteration 140 ********************
it l1-MinV AddCons LP-TIME ST infCurV NewCons QP-TIME ST
 1 0.0e+00 9.0e+00 4.4e-03  1 2.3e+01 1.8e+01 4.0e-03  1
 2 3.5e-14 2.7e+01 4.1e-03  1 1.3e+01 1.1e+01 4.9e-03  1
 3 3.6e-14 3.8e+01 3.3e-03  1 4.3e+00 9.0e+00 4.0e-03  1
 4 3.4e-15 4.7e+01 3.2e-03  1 1.3e+00 9.0e+00 5.4e-03  1
 5 4.3e-14 5.6e+01 5.5e-03  1 3.8e-02 2.0e+00 4.7e-03  1
 6 3.4e-14 5.8e+01 6.5e-03  1 3.6e-15 0.0e+00 4.7e-03  1
Optimality norm: 1.160835e-15 
********************* Iteration 141 ********************
it l1-MinV AddCons LP-TIME ST infCurV NewCons QP-TIME ST
 1 0.0e+00 9.0e+00 3.1e-03  1 2.4e+01 1.8e+01 5.1e-03  1
 2 4.7e-14 2.7e+01 3.4e-03  1 1.4e+01 1.3e+01 7.2e-03  1
 3 1.1e-14 4.0e+01 4.8e-03  1 4.6e+00 9.0e+00 4.2e-03  1
 4 3.0e-15 4.9e+01 4.5e-03  1 1.3e+00 9.0e+00 6.4e-03  1
 5 3.7e-14 5.8e+01 3.9e-03  1 3.8e-02 2.0e+00 5.1e-03  1
 6 3.4e-14 6.0e+01 3.5e-03  1 3.6e-15 0.0e+00 4.6e-03  1
Optimality norm: 1.091113e-15 
********************* Iteration 142 ********************
it l1-MinV AddCons LP-TIME ST infCurV NewCons QP-TIME ST
 1 0.0e+00 9.0e+00 4.2e-03  1 2.4e+01 1.8e+01 8.1e-03  1
 2 3.4e-14 2.7e+01 3.2e-03  1 1.4e+01 1.7e+01 5.8e-03  1
 3 1.8e-15 4.4e+01 3.4e-03  1 4.7e+00 9.0e+00 4.9e-03  1
 4 3.3e-14 5.3e+01 3.4e-03  1 1.3e+00 9.0e+00 5.3e-03  1
 5 3.4e-14 6.2e+01 4.3e-03  1 3.8e-02 2.0e+00 4.7e-03  1
 6 3.5e-14 6.4e+01 3.6e-03  1 3.6e-15 0.0e+00 5.7e-03  1
Optimality norm: 1.326895e-15 
********************* Iteration 143 ********************
it l1-MinV AddCons LP-TIME ST infCurV NewCons QP-TIME ST
 1 0.0e+00 9.0e+00 3.9e-03  1 2.4e+01 1.8e+01 6.4e-03  1
 2 3.2e-14 2.7e+01 5.8e-03  1 1.4e+01 1.3e+01 3.7e-03  1
 3 6.1e-15 4.0e+01 4.2e-03  1 4.6e+00 9.0e+00 6.8e-03  1
 4 3.8e-14 4.9e+01 4.0e-03  1 1.3e+00 9.0e+00 5.2e-03  1
 5 4.0e-14 5.8e+01 3.8e-03  1 3.8e-02 2.0e+00 1.0e-02  1
 6 3.7e-14 6.0e+01 4.2e-03  1 3.6e-15 0.0e+00 4.5e-03  1
Optimality norm: 1.245666e-15 
********************* Iteration 144 ********************
it l1-MinV AddCons LP-TIME ST infCurV NewCons QP-TIME ST
 1 0.0e+00 9.0e+00 4.7e-03  1 2.3e+01 1.8e+01 5.3e-03  1
 2 3.9e-14 2.7e+01 5.1e-03  1 1.3e+01 1.8e+01 4.2e-03  1
 3 8.9e-16 4.5e+01 5.0e-03  1 4.8e+00 9.0e+00 5.5e-03  1
 4 3.2e-14 5.4e+01 4.5e-03  1 1.3e+00 9.0e+00 4.8e-03  1
 5 3.9e-14 6.3e+01 4.1e-03  1 3.8e-02 2.0e+00 5.9e-03  1
 6 3.4e-14 6.5e+01 3.4e-03  1 3.6e-15 0.0e+00 4.4e-03  1
Optimality norm: 1.474749e-15 
********************* Iteration 145 ********************
it l1-MinV AddCons LP-TIME ST infCurV NewCons QP-TIME ST
 1 0.0e+00 9.0e+00 3.9e-03  1 2.3e+01 1.8e+01 5.1e-03  1
 2 3.3e-14 2.7e+01 3.1e-03  1 1.0e+01 1.8e+01 3.9e-03  1
 3 9.5e-15 4.5e+01 3.4e-03  1 3.8e+00 1.0e+01 4.6e-03  1
 4 3.9e-14 5.5e+01 5.3e-03  1 1.3e+00 9.0e+00 6.4e-03  1
 5 3.6e-14 6.4e+01 3.5e-03  1 3.8e-02 2.0e+00 4.8e-03  1
 6 3.5e-14 6.6e+01 4.4e-03  1 3.6e-15 0.0e+00 5.4e-03  1
Optimality norm: 2.750358e-15 
********************* Iteration 146 ********************
it l1-MinV AddCons LP-TIME ST infCurV NewCons QP-TIME ST
 1 0.0e+00 9.0e+00 3.9e-03  1 2.3e+01 1.8e+01 4.2e-03  1
 2 4.3e-14 2.7e+01 3.0e-03  1 1.1e+01 1.8e+01 4.7e-03  1
 3 3.4e-14 4.5e+01 4.6e-03  1 3.5e+00 9.0e+00 4.9e-03  1
 4 3.7e-14 5.4e+01 4.0e-03  1 1.3e+00 9.0e+00 4.9e-03  1
 5 3.2e-14 6.3e+01 3.5e-03  1 3.8e-02 2.0e+00 4.9e-03  1
 6 3.5e-14 6.5e+01 4.9e-03  1 3.6e-15 0.0e+00 7.7e-03  1
Optimality norm: 1.886975e-15 
********************* Iteration 147 ********************
it l1-MinV AddCons LP-TIME ST infCurV NewCons QP-TIME ST
 1 0.0e+00 9.0e+00 5.7e-03  1 2.2e+01 1.8e+01 4.7e-03  1
 2 3.6e-14 2.7e+01 5.2e-03  1 1.4e+01 9.0e+00 4.3e-03  1
 3 3.4e-14 3.6e+01 4.0e-03  1 6.2e+00 9.0e+00 3.8e-03  1
 4 1.8e-16 4.5e+01 3.5e-03  1 1.6e+00 9.0e+00 4.9e-03  1
 5 3.7e-14 5.4e+01 3.3e-03  1 6.5e-01 9.0e+00 4.7e-03  1
 6 3.2e-14 6.3e+01 5.9e-03  1 2.5e-04 1.0e+00 5.2e-03  1
 7 3.3e-14 6.4e+01 3.1e-03  1 3.6e-15 0.0e+00 4.5e-03  1
Optimality norm: 1.961138e-15 
********************* Iteration 148 ********************
it l1-MinV AddCons LP-TIME ST infCurV NewCons QP-TIME ST
 1 0.0e+00 9.0e+00 4.5e-03  1 1.8e+01 1.8e+01 6.6e-03  1
 2 3.9e-14 2.7e+01 3.9e-03  1 1.3e+01 1.0e+01 3.8e-03  1
 3 3.2e-14 3.7e+01 5.7e-03  1 6.2e+00 9.0e+00 5.5e-03  1
 4 1.8e-15 4.6e+01 3.5e-03  1 1.6e+00 9.0e+00 4.5e-03  1
 5 5.1e-14 5.5e+01 4.6e-03  1 6.3e-01 8.0e+00 4.8e-03  1
 6 3.4e-14 6.3e+01 4.2e-03  1 2.4e-04 1.0e+00 4.8e-03  1
 7 1.4e-14 6.4e+01 3.4e-03  1 3.6e-15 0.0e+00 5.3e-03  1
Optimality norm: 2.204728e-15 
********************* Iteration 149 ********************
it l1-MinV AddCons LP-TIME ST infCurV NewCons QP-TIME ST
 1 0.0e+00 9.0e+00 3.5e-03  1 1.4e+01 1.7e+01 4.2e-03  1
 2 4.3e-14 2.6e+01 4.7e-03  1 1.2e+01 1.0e+01 8.1e-03  1
 3 3.6e-14 3.6e+01 4.6e-03  1 6.2e+00 9.0e+00 4.0e-03  1
 4 3.2e-14 4.5e+01 3.3e-03  1 1.6e+00 9.0e+00 4.0e-03  1
 5 3.2e-14 5.4e+01 3.2e-03  1 5.6e-01 7.0e+00 6.2e-03  1
 6 3.2e-14 6.1e+01 4.4e-03  1 1.6e-04 6.0e+00 6.3e-03  1
 7 3.5e-14 6.7e+01 3.1e-03  1 3.6e-15 0.0e+00 6.6e-03  1
Optimality norm: 1.427138e-15 
********************* Iteration 150 ********************
it l1-MinV AddCons LP-TIME ST infCurV NewCons QP-TIME ST
 1 0.0e+00 9.0e+00 3.4e-03  1 2.1e+01 1.8e+01 7.3e-03  1
 2 4.0e-14 2.7e+01 3.4e-03  1 1.1e+01 9.0e+00 4.3e-03  1
 3 3.3e-14 3.6e+01 3.4e-03  1 6.1e+00 9.0e+00 4.4e-03  1
 4 2.9e-15 4.5e+01 3.2e-03  1 1.6e+00 9.0e+00 5.5e-03  1
 5 3.9e-14 5.4e+01 3.2e-03  1 6.5e-01 8.0e+00 4.5e-03  1
 6 3.2e-14 6.2e+01 3.8e-03  1 2.3e-04 6.0e+00 5.1e-03  1
 7 3.3e-14 6.8e+01 3.4e-03  1 3.6e-15 0.0e+00 5.7e-03  1
Optimality norm: 7.859848e-16 
********************* Iteration 151 ********************
it l1-MinV AddCons LP-TIME ST infCurV NewCons QP-TIME ST
 1 0.0e+00 9.0e+00 5.8e-03  1 1.6e+01 1.2e+01 4.6e-03  1
 2 3.4e-14 2.1e+01 4.2e-03  1 1.0e+01 9.0e+00 5.5e-03  1
 3 3.6e-14 3.0e+01 3.3e-03  1 6.0e+00 9.0e+00 4.2e-03  1
 4 3.7e-14 3.9e+01 3.8e-03  1 1.6e+00 9.0e+00 4.3e-03  1
 5 3.6e-14 4.8e+01 3.7e-03  1 6.4e-01 8.0e+00 4.3e-03  1
 6 4.1e-14 5.6e+01 3.9e-03  1 2.4e-02 8.0e+00 6.0e-03  1
 7 3.8e-16 6.4e+01 3.6e-03  1 3.6e-15 0.0e+00 5.6e-03  1
Optimality norm: 1.244058e-15 
********************* Iteration 152 ********************
it l1-MinV AddCons LP-TIME ST infCurV NewCons QP-TIME ST
 1 0.0e+00 9.0e+00 2.7e-03  1 2.1e+01 1.8e+01 3.4e-03  1
 2 3.2e-14 2.7e+01 3.1e-03  1 1.4e+01 1.0e+01 4.2e-03  1
 3 3.5e-14 3.7e+01 3.9e-03  1 6.2e+00 9.0e+00 4.2e-03  1
 4 3.2e-14 4.6e+01 7.4e-03  1 1.6e+00 9.0e+00 5.4e-03  1
 5 4.5e-14 5.5e+01 3.3e-03  1 6.4e-01 8.0e+00 4.9e-03  1
 6 3.3e-14 6.3e+01 4.5e-03  1 2.5e-04 1.0e+00 5.5e-03  1
 7 2.5e-15 6.4e+01 3.3e-03  1 3.6e-15 0.0e+00 4.9e-03  1
Optimality norm: 1.310106e-15 
********************* Iteration 153 ********************
it l1-MinV AddCons LP-TIME ST infCurV NewCons QP-TIME ST
 1 0.0e+00 9.0e+00 3.5e-03  1 2.3e+01 1.7e+01 4.3e-03  1
 2 3.6e-14 2.6e+01 7.3e-03  1 1.3e+01 9.0e+00 9.5e-03  1
 3 3.6e-14 3.5e+01 3.1e-03  1 6.2e+00 9.0e+00 4.0e-03  1
 4 3.2e-14 4.4e+01 3.2e-03  1 1.6e+00 9.0e+00 5.1e-03  1
 5 3.5e-14 5.3e+01 3.9e-03  1 6.2e-01 8.0e+00 4.8e-03  1
 6 3.5e-14 6.1e+01 4.5e-03  1 2.4e-02 8.0e+00 5.7e-03  1
 7 3.5e-15 6.9e+01 5.0e-03  1 3.6e-15 0.0e+00 5.2e-03  1
Optimality norm: 1.123595e-15 
********************* Iteration 154 ********************
it l1-MinV AddCons LP-TIME ST infCurV NewCons QP-TIME ST
 1 0.0e+00 9.0e+00 4.1e-03  1 2.0e+01 1.8e+01 5.4e-03  1
 2 3.6e-14 2.7e+01 3.4e-03  1 1.3e+01 1.0e+01 4.0e-03  1
 3 3.5e-14 3.7e+01 4.9e-03  1 6.2e+00 9.0e+00 4.0e-03  1
 4 2.5e-15 4.6e+01 3.4e-03  1 1.6e+00 9.0e+00 4.6e-03  1
 5 3.8e-14 5.5e+01 3.9e-03  1 6.4e-01 8.0e+00 5.4e-03  1
 6 3.8e-14 6.3e+01 5.2e-03  1 2.4e-04 1.0e+00 5.3e-03  1
 7 8.0e-15 6.4e+01 7.4e-03  1 3.6e-15 0.0e+00 8.2e-03  1
Optimality norm: 6.079383e-16 
********************* Iteration 155 ********************
it l1-MinV AddCons LP-TIME ST infCurV NewCons QP-TIME ST
 1 0.0e+00 9.0e+00 4.0e-03  1 2.0e+01 1.8e+01 5.7e-03  1
 2 3.6e-14 2.7e+01 2.8e-03  1 1.3e+01 1.0e+01 3.5e-03  1
 3 3.8e-14 3.7e+01 4.3e-03  1 6.2e+00 9.0e+00 4.0e-03  1
 4 0.0e+00 4.6e+01 5.2e-03  1 1.6e+00 9.0e+00 5.0e-03  1
 5 5.1e-14 5.5e+01 4.4e-03  1 6.4e-01 8.0e+00 7.1e-03  1
 6 4.5e-14 6.3e+01 5.3e-03  1 2.4e-04 1.0e+00 4.7e-03  1
 7 1.2e-15 6.4e+01 3.4e-03  1 3.6e-15 0.0e+00 5.2e-03  1
Optimality norm: 1.159365e-15 
********************* Iteration 156 ********************
it l1-MinV AddCons LP-TIME ST infCurV NewCons QP-TIME ST
 1 0.0e+00 9.0e+00 5.2e-03  1 2.0e+01 1.8e+01 6.0e-03  1
 2 3.2e-14 2.7e+01 3.3e-03  1 1.3e+01 1.0e+01 3.9e-03  1
 3 3.5e-14 3.7e+01 3.1e-03  1 6.2e+00 9.0e+00 4.1e-03  1
 4 3.6e-15 4.6e+01 3.8e-03  1 1.6e+00 9.0e+00 4.4e-03  1
 5 3.9e-14 5.5e+01 5.3e-03  1 6.4e-01 8.0e+00 5.5e-03  1
 6 3.3e-14 6.3e+01 3.6e-03  1 2.4e-04 1.0e+00 4.7e-03  1
 7 1.3e-16 6.4e+01 4.1e-03  1 3.6e-15 0.0e+00 5.7e-03  1
Optimality norm: 1.412952e-15 
********************* Iteration 157 ********************
it l1-MinV AddCons LP-TIME ST infCurV NewCons QP-TIME ST
 1 0.0e+00 9.0e+00 3.4e-03  1 2.0e+01 1.8e+01 4.4e-03  1
 2 3.2e-14 2.7e+01 4.3e-03  1 1.3e+01 1.0e+01 5.1e-03  1
 3 3.5e-14 3.7e+01 5.2e-03  1 6.2e+00 9.0e+00 5.3e-03  1
 4 2.2e-15 4.6e+01 3.2e-03  1 1.6e+00 9.0e+00 4.3e-03  1
 5 4.0e-14 5.5e+01 3.2e-03  1 6.4e-01 8.0e+00 4.8e-03  1
 6 3.7e-14 6.3e+01 3.4e-03  1 2.4e-04 1.0e+00 4.8e-03  1
 7 9.0e-16 6.4e+01 3.5e-03  1 3.6e-15 0.0e+00 5.3e-03  1
Optimality norm: 1.542595e-15 
********************* Iteration 158 ********************
it l1-MinV AddCons LP-TIME ST infCurV NewCons QP-TIME ST
 1 0.0e+00 9.0e+00 5.8e-03  1 2.0e+01 1.8e+01 5.0e-03  1
 2 3.9e-14 2.7e+01 5.1e-03  1 1.3e+01 1.0e+01 3.5e-03  1
 3 3.2e-14 3.7e+01 3.1e-03  1 6.2e+00 9.0e+00 4.2e-03  1
 4 7.5e-15 4.6e+01 3.4e-03  1 1.6e+00 9.0e+00 5.2e-03  1
 5 4.2e-14 5.5e+01 5.1e-03  1 6.4e-01 8.0e+00 6.5e-03  1
 6 3.5e-14 6.3e+01 4.2e-03  1 2.4e-04 1.0e+00 4.7e-03  1
 7 2.4e-20 6.4e+01 3.4e-03  1 3.6e-15 0.0e+00 5.5e-03  1
Optimality norm: 9.692759e-16 
********************* Iteration 159 ********************
it l1-MinV AddCons LP-TIME ST infCurV NewCons QP-TIME ST
 1 0.0e+00 9.0e+00 5.2e-03  1 2.0e+01 1.8e+01 6.6e-03  1
 2 3.9e-14 2.7e+01 6.0e-03  1 1.3e+01 1.0e+01 3.8e-03  1
 3 3.2e-14 3.7e+01 3.4e-03  1 6.2e+00 9.0e+00 1.1e-02  1
 4 0.0e+00 4.6e+01 1.1e-02  1 1.6e+00 9.0e+00 4.6e-03  1
 5 4.2e-14 5.5e+01 3.3e-03  1 6.4e-01 8.0e+00 5.4e-03  1
 6 3.3e-14 6.3e+01 3.5e-03  1 2.4e-04 1.0e+00 5.8e-03  1
 7 9.4e-15 6.4e+01 4.5e-03  1 3.6e-15 0.0e+00 5.4e-03  1
Optimality norm: 1.432926e-15 
********************* Iteration 160 ********************
it l1-MinV AddCons LP-TIME ST infCurV NewCons QP-TIME ST
 1 0.0e+00 9.0e+00 3.6e-03  1 2.0e+01 1.8e+01 5.5e-03  1
 2 3.8e-14 2.7e+01 4.4e-03  1 1.3e+01 1.0e+01 9.9e-03  1
 3 3.5e-14 3.7e+01 3.1e-03  1 6.2e+00 9.0e+00 3.9e-03  1
 4 1.6e-14 4.6e+01 3.3e-03  1 1.6e+00 9.0e+00 4.9e-03  1
 5 3.9e-14 5.5e+01 3.4e-03  1 6.4e-01 8.0e+00 4.8e-03  1
 6 4.1e-14 6.3e+01 4.6e-03  1 2.4e-04 1.0e+00 5.8e-03  1
 7 3.9e-15 6.4e+01 3.7e-03  1 3.6e-15 0.0e+00 5.3e-03  1
Optimality norm: 2.085526e-15 
********************* Iteration 161 ********************
it l1-MinV AddCons LP-TIME ST infCurV NewCons QP-TIME ST
 1 0.0e+00 9.0e+00 5.9e-03  1 2.0e+01 1.8e+01 4.8e-03  1
 2 3.2e-14 2.7e+01 3.1e-03  1 1.3e+01 1.0e+01 4.0e-03  1
 3 3.3e-14 3.7e+01 3.9e-03  1 6.2e+00 9.0e+00 4.0e-03  1
 4 4.4e-15 4.6e+01 3.4e-03  1 1.6e+00 9.0e+00 4.5e-03  1
 5 3.5e-14 5.5e+01 5.2e-03  1 6.4e-01 8.0e+00 4.9e-03  1
 6 3.6e-14 6.3e+01 3.5e-03  1 2.4e-04 1.0e+00 4.9e-03  1
 7 3.4e-15 6.4e+01 3.4e-03  1 3.6e-15 0.0e+00 5.6e-03  1
Optimality norm: 3.676746e-15 
********************* Iteration 162 ********************
it l1-MinV AddCons LP-TIME ST infCurV NewCons QP-TIME ST
 1 0.0e+00 9.0e+00 4.8e-03  1 2.0e+01 1.8e+01 5.5e-03  1
 2 3.2e-14 2.7e+01 5.3e-03  1 1.3e+01 1.0e+01 3.7e-03  1
 3 3.5e-14 3.7e+01 3.9e-03  1 6.2e+00 9.0e+00 4.4e-03  1
 4 8.9e-16 4.6e+01 5.0e-03  1 1.6e+00 9.0e+00 5.2e-03  1
 5 3.3e-14 5.5e+01 3.5e-03  1 6.4e-01 8.0e+00 4.8e-03  1
 6 4.4e-14 6.3e+01 4.3e-03  1 2.4e-04 1.0e+00 5.5e-03  1
 7 0.0e+00 6.4e+01 3.3e-03  1 3.6e-15 0.0e+00 5.3e-03  1
Optimality norm: 2.148210e-15 
********************* Iteration 163 ********************
it l1-MinV AddCons LP-TIME ST infCurV NewCons QP-TIME ST
 1 0.0e+00 9.0e+00 4.4e-03  1 2.0e+01 1.8e+01 7.0e-03  1
 2 3.6e-14 2.7e+01 4.0e-03  1 1.3e+01 1.0e+01 4.9e-03  1
 3 3.3e-14 3.7e+01 3.1e-03  1 6.2e+00 9.0e+00 4.0e-03  1
 4 1.1e-14 4.6e+01 3.4e-03  1 1.6e+00 9.0e+00 5.7e-03  1
 5 4.4e-14 5.5e+01 4.2e-03  1 6.4e-01 8.0e+00 5.5e-03  1
 6 3.8e-14 6.3e+01 3.8e-03  1 2.4e-04 1.0e+00 6.2e-03  1
 7 5.3e-15 6.4e+01 4.3e-03  1 3.6e-15 0.0e+00 5.6e-03  1
Optimality norm: 1.505505e-15 
********************* Iteration 164 ********************
it l1-MinV AddCons LP-TIME ST infCurV NewCons QP-TIME ST
 1 0.0e+00 9.0e+00 3.4e-03  1 2.0e+01 1.8e+01 5.2e-03  1
 2 3.6e-14 2.7e+01 3.4e-03  1 1.3e+01 1.0e+01 4.8e-03  1
 3 3.2e-14 3.7e+01 3.1e-03  1 6.2e+00 9.0e+00 4.1e-03  1
 4 5.9e-15 4.6e+01 4.0e-03  1 1.6e+00 9.0e+00 4.2e-03  1
 5 4.3e-14 5.5e+01 3.4e-03  1 6.4e-01 8.0e+00 4.8e-03  1
 6 4.5e-14 6.3e+01 4.0e-03  1 2.4e-04 1.0e+00 5.5e-03  1
 7 6.4e-15 6.4e+01 5.1e-03  1 3.6e-15 0.0e+00 5.3e-03  1
Optimality norm: 1.255113e-15 
********************* Iteration 165 ********************
it l1-MinV AddCons LP-TIME ST infCurV NewCons QP-TIME ST
 1 0.0e+00 9.0e+00 3.1e-03  1 2.0e+01 1.8e+01 5.7e-03  1
 2 3.2e-14 2.7e+01 3.0e-03  1 1.3e+01 1.0e+01 3.9e-03  1
 3 3.3e-14 3.7e+01 3.1e-03  1 6.2e+00 9.0e+00 4.0e-03  1
 4 2.7e-15 4.6e+01 8.0e-03  1 1.6e+00 9.0e+00 8.4e-03  1
 5 3.7e-14 5.5e+01 3.5e-03  1 6.4e-01 8.0e+00 4.8e-03  1
 6 3.3e-14 6.3e+01 4.3e-03  1 2.4e-04 1.0e+00 6.5e-03  1
 7 4.5e-15 6.4e+01 4.2e-03  1 3.6e-15 0.0e+00 5.2e-03  1
Optimality norm: 7.757396e-16 
********************* Iteration 166 ********************
it l1-MinV AddCons LP-TIME ST infCurV NewCons QP-TIME ST
 1 0.0e+00 9.0e+00 3.5e-03  1 2.0e+01 1.8e+01 6.4e-03  1
 2 3.2e-14 2.7e+01 3.3e-03  1 1.3e+01 1.0e+01 4.3e-03  1
 3 3.2e-14 3.7e+01 3.5e-03  1 6.2e+00 9.0e+00 6.2e-03  1
 4 3.6e-15 4.6e+01 3.3e-03  1 1.6e+00 9.0e+00 4.6e-03  1
 5 3.2e-14 5.5e+01 3.2e-03  1 6.4e-01 8.0e+00 4.7e-03  1
 6 4.3e-14 6.3e+01 4.3e-03  1 2.4e-04 1.0e+00 6.9e-03  1
 7 1.8e-15 6.4e+01 3.2e-03  1 3.6e-15 0.0e+00 4.8e-03  1
Optimality norm: 1.209461e-15 
********************* Iteration 167 ********************
it l1-MinV AddCons LP-TIME ST infCurV NewCons QP-TIME ST
 1 0.0e+00 9.0e+00 3.9e-03  1 2.0e+01 1.8e+01 5.3e-03  1
 2 3.6e-14 2.7e+01 2.9e-03  1 1.3e+01 1.0e+01 3.9e-03  1
 3 3.2e-14 3.7e+01 6.0e-03  1 6.2e+00 9.0e+00 4.9e-03  1
 4 6.2e-15 4.6e+01 3.3e-03  1 1.6e+00 9.0e+00 4.6e-03  1
 5 3.6e-14 5.5e+01 3.8e-03  1 6.4e-01 8.0e+00 1.1e-02  1
 6 3.5e-14 6.3e+01 4.4e-03  1 2.4e-04 1.0e+00 6.0e-03  1
 7 2.7e-15 6.4e+01 6.0e-03  1 3.6e-15 0.0e+00 9.3e-03  1
Optimality norm: 2.046855e-15 
********************* Iteration 168 ********************
it l1-MinV AddCons LP-TIME ST infCurV NewCons QP-TIME ST
 1 0.0e+00 9.0e+00 3.5e-03  1 2.0e+01 1.8e+01 6.0e-03  1
 2 4.3e-14 2.7e+01 3.7e-03  1 1.3e+01 1.0e+01 3.8e-03  1
 3 3.3e-14 3.7e+01 3.6e-03  1 6.2e+00 9.0e+00 4.5e-03  1
 4 1.4e-15 4.6e+01 3.9e-03  1 1.6e+00 9.0e+00 4.6e-03  1
 5 3.8e-14 5.5e+01 3.9e-03  1 6.4e-01 8.0e+00 6.5e-03  1
 6 4.1e-14 6.3e+01 4.3e-03  1 2.4e-04 1.0e+00 6.2e-03  1
 7 6.5e-15 6.4e+01 3.4e-03  1 3.6e-15 0.0e+00 5.2e-03  1
Optimality norm: 2.129047e-15 
********************* Iteration 169 ********************
it l1-MinV AddCons LP-TIME ST infCurV NewCons QP-TIME ST
 1 0.0e+00 9.0e+00 5.2e-03  1 2.0e+01 1.8e+01 4.2e-03  1
 2 4.3e-14 2.7e+01 4.1e-03  1 1.3e+01 1.0e+01 4.0e-03  1
 3 3.2e-14 3.7e+01 3.1e-03  1 6.2e+00 9.0e+00 4.8e-03  1
 4 3.6e-15 4.6e+01 4.0e-03  1 1.6e+00 9.0e+00 4.2e-03  1
 5 3.7e-14 5.5e+01 3.3e-03  1 6.4e-01 8.0e+00 4.8e-03  1
 6 5.0e-14 6.3e+01 4.4e-03  1 2.4e-04 1.0e+00 6.0e-03  1
 7 0.0e+00 6.4e+01 4.0e-03  1 3.6e-15 0.0e+00 9.0e-03  1
Optimality norm: 1.299789e-15 
********************* Iteration 170 ********************
it l1-MinV AddCons LP-TIME ST infCurV NewCons QP-TIME ST
 1 0.0e+00 9.0e+00 3.9e-03  1 2.0e+01 1.8e+01 5.4e-03  1
 2 3.7e-14 2.7e+01 5.1e-03  1 1.3e+01 1.0e+01 4.4e-03  1
 3 3.3e-14 3.7e+01 6.6e-03  1 6.2e+00 9.0e+00 5.9e-03  1
 4 4.1e-15 4.6e+01 5.3e-03  1 1.6e+00 9.0e+00 5.2e-03  1
 5 4.3e-14 5.5e+01 3.2e-03  1 6.4e-01 8.0e+00 5.1e-03  1
 6 3.8e-14 6.3e+01 4.5e-03  1 2.4e-04 1.0e+00 5.7e-03  1
 7 8.9e-15 6.4e+01 3.4e-03  1 3.6e-15 0.0e+00 5.1e-03  1
Optimality norm: 1.493004e-15 
********************* Iteration 171 ********************
it l1-MinV AddCons LP-TIME ST infCurV NewCons QP-TIME ST
 1 0.0e+00 9.0e+00 4.0e-03  1 2.0e+01 1.8e+01 5.7e-03  1
 2 3.6e-14 2.7e+01 3.3e-03  1 1.3e+01 1.0e+01 3.9e-03  1
 3 3.2e-14 3.7e+01 3.1e-03  1 6.2e+00 9.0e+00 4.0e-03  1
 4 3.2e-14 4.6e+01 6.1e-03  1 1.6e+00 9.0e+00 5.0e-03  1
 5 4.3e-14 5.5e+01 4.0e-03  1 6.4e-01 8.0e+00 6.4e-03  1
 6 4.7e-14 6.3e+01 4.2e-03  1 2.4e-04 1.0e+00 4.9e-03  1
 7 7.0e-15 6.4e+01 3.4e-03  1 3.6e-15 0.0e+00 6.3e-03  1
Optimality norm: 1.693826e-15 
********************* Iteration 172 ********************
it l1-MinV AddCons LP-TIME ST infCurV NewCons QP-TIME ST
 1 0.0e+00 9.0e+00 3.0e-03  1 2.0e+01 1.8e+01 3.6e-03  1
 2 4.0e-14 2.7e+01 5.7e-03  1 1.3e+01 1.0e+01 3.5e-03  1
 3 3.2e-14 3.7e+01 3.2e-03  1 6.2e+00 9.0e+00 4.0e-03  1
 4 2.3e-14 4.6e+01 4.6e-03  1 1.6e+00 9.0e+00 4.6e-03  1
 5 3.3e-14 5.5e+01 3.2e-03  1 6.4e-01 8.0e+00 6.9e-03  1
 6 3.4e-14 6.3e+01 3.8e-03  1 2.4e-04 1.0e+00 6.4e-03  1
 7 4.3e-15 6.4e+01 3.4e-03  1 3.6e-15 0.0e+00 7.7e-03  1
Optimality norm: 1.200481e-15 
********************* Iteration 173 ********************
it l1-MinV AddCons LP-TIME ST infCurV NewCons QP-TIME ST
 1 0.0e+00 9.0e+00 4.2e-03  1 2.0e+01 1.8e+01 4.3e-03  1
 2 3.4e-14 2.7e+01 3.6e-03  1 1.3e+01 1.0e+01 4.8e-03  1
 3 3.5e-14 3.7e+01 3.1e-03  1 6.2e+00 9.0e+00 1.4e-02  1
 4 7.1e-15 4.6e+01 4.3e-03  1 1.6e+00 9.0e+00 4.5e-03  1
 5 3.5e-14 5.5e+01 3.8e-03  1 6.4e-01 8.0e+00 5.2e-03  1
 6 3.4e-14 6.3e+01 3.5e-03  1 2.4e-04 1.0e+00 5.6e-03  1
 7 9.5e-16 6.4e+01 1.2e-02  1 3.6e-15 0.0e+00 8.2e-03  1
Optimality norm: 1.882412e-15 
********************* Iteration 174 ********************
it l1-MinV AddCons LP-TIME ST infCurV NewCons QP-TIME ST
 1 0.0e+00 9.0e+00 4.2e-03  1 2.0e+01 1.8e+01 5.4e-03  1
 2 3.2e-14 2.7e+01 3.9e-03  1 1.3e+01 1.0e+01 4.4e-03  1
 3 3.4e-14 3.7e+01 3.3e-03  1 6.2e+00 9.0e+00 4.0e-03  1
 4 1.8e-15 4.6e+01 3.3e-03  1 1.6e+00 9.0e+00 4.6e-03  1
 5 4.9e-14 5.5e+01 3.9e-03  1 6.4e-01 8.0e+00 4.8e-03  1
 6 4.1e-14 6.3e+01 5.0e-03  1 2.4e-04 1.0e+00 6.0e-03  1
 7 4.4e-15 6.4e+01 8.5e-03  1 3.6e-15 0.0e+00 7.8e-03  1
Optimality norm: 1.934735e-15 
********************* Iteration 175 ********************
it l1-MinV AddCons LP-TIME ST infCurV NewCons QP-TIME ST
 1 0.0e+00 9.0e+00 4.0e-03  1 2.0e+01 1.8e+01 5.1e-03  1
 2 3.3e-14 2.7e+01 3.3e-03  1 1.3e+01 1.0e+01 4.7e-03  1
 3 3.2e-14 3.7e+01 3.4e-03  1 6.2e+00 9.0e+00 4.0e-03  1
 4 1.3e-15 4.6e+01 3.2e-03  1 1.6e+00 9.0e+00 4.5e-03  1
 5 3.4e-14 5.5e+01 3.9e-03  1 6.4e-01 8.0e+00 4.9e-03  1
 6 3.5e-14 6.3e+01 6.0e-03  1 2.4e-04 1.0e+00 6.3e-03  1
 7 4.2e-15 6.4e+01 3.5e-03  1 3.6e-15 0.0e+00 6.1e-03  1
Optimality norm: 1.212722e-15 
********************* Iteration 176 ********************
it l1-MinV AddCons LP-TIME ST infCurV NewCons QP-TIME ST
 1 0.0e+00 9.0e+00 3.5e-03  1 2.0e+01 1.8e+01 3.7e-03  1
 2 3.4e-14 2.7e+01 3.0e-03  1 1.3e+01 1.0e+01 3.9e-03  1
 3 3.5e-14 3.7e+01 4.8e-03  1 6.2e+00 9.0e+00 6.8e-03  1
 4 1.6e-14 4.6e+01 3.5e-03  1 1.6e+00 9.0e+00 4.6e-03  1
 5 4.8e-14 5.5e+01 3.2e-03  1 6.4e-01 8.0e+00 5.6e-03  1
 6 3.7e-14 6.3e+01 4.3e-03  1 2.4e-04 1.0e+00 5.7e-03  1
 7 5.0e-17 6.4e+01 3.8e-03  1 3.6e-15 0.0e+00 5.5e-03  1
Optimality norm: 1.415905e-15 
********************* Iteration 177 ********************
it l1-MinV AddCons LP-TIME ST infCurV NewCons QP-TIME ST
 1 0.0e+00 9.0e+00 3.5e-03  1 2.0e+01 1.8e+01 3.3e-03  1
 2 3.6e-14 2.7e+01 5.8e-03  1 1.3e+01 1.0e+01 3.8e-03  1
 3 3.3e-14 3.7e+01 3.4e-03  1 6.2e+00 9.0e+00 4.3e-03  1
 4 8.9e-16 4.6e+01 3.4e-03  1 1.6e+00 9.0e+00 4.6e-03  1
 5 3.5e-14 5.5e+01 6.2e-03  1 6.4e-01 8.0e+00 4.6e-03  1
 6 3.7e-14 6.3e+01 4.3e-03  1 2.4e-04 1.0e+00 6.1e-03  1
 7 1.1e-14 6.4e+01 4.5e-03  1 3.6e-15 0.0e+00 5.2e-03  1
Optimality norm: 1.629589e-15 
********************* Iteration 178 ********************
it l1-MinV AddCons LP-TIME ST infCurV NewCons QP-TIME ST
 1 0.0e+00 9.0e+00 3.4e-03  1 2.0e+01 1.8e+01 6.2e-03  1
 2 3.2e-14 2.7e+01 3.3e-03  1 1.3e+01 1.0e+01 4.1e-03  1
 3 3.3e-14 3.7e+01 3.3e-03  1 6.2e+00 9.0e+00 4.0e-03  1
 4 1.2e-14 4.6e+01 3.4e-03  1 1.6e+00 9.0e+00 4.8e-03  1
 5 3.6e-14 5.5e+01 5.1e-03  1 6.4e-01 8.0e+00 5.7e-03  1
 6 3.8e-14 6.3e+01 1.3e-02  1 2.4e-04 1.0e+00 7.4e-03  1
 7 4.4e-16 6.4e+01 3.9e-03  1 3.6e-15 0.0e+00 5.2e-03  1
Optimality norm: 1.515033e-15 
